58.900              ,56.200              ,18.400              ,69.600              
54.700              ,60.900              ,26.200              ,80.200              
54.000              ,63.500              ,33.300              ,79.700              
53.700              ,58.900              ,38.600              ,80.200              
53.200              ,59.100              ,41.900              ,80.000              
53.800              ,62.100              ,46.900              ,81.000              
55.000              ,64.400              ,48.900              ,85.400              
52.800              ,64.500              ,52.600              ,83.700              
52.200              ,61.400              ,54.500              ,78.900              
52.500              ,60.900              ,53.400              ,78.600              
54.500              ,63.500              ,53.400              ,79.500              
54.500              ,65.000              ,55.400              ,80.600              
52.800              ,64.900              ,54.900              ,81.200              
52.000              ,64.200              ,55.300              ,80.700              
51.300              ,62.800              ,54.100              ,79.300              
50.800              ,60.000              ,52.000              ,73.500              
50.300              ,58.400              ,50.600              ,72.300              
47.400              ,55.200              ,49.400              ,70.500              
46.600              ,53.900              ,47.200              ,68.200              
46.000              ,54.100              ,46.500              ,67.700              
45.500              ,52.200              ,45.600              ,65.600              
45.700              ,54.200              ,44.800              ,66.200                            
46.900              ,55.600              ,45.300              ,28.100              
50.200              ,59.100              ,47.000              ,72.000              
51.600              ,58.200              ,50.700              ,75.700              
51.800              ,62.900              ,51.900              ,76.600              
57.600              ,61.300              ,51.900              ,80.900              
58.700              ,62.500              ,56.800              ,82.600              
55.800              ,66.000              ,59.000              ,81.100              
57.600              ,66.300              ,55.500              ,81.600              
60.300              ,69.400              ,57.600              ,84.900              
61.600              ,71.300              ,60.800              ,86.900              
61.100              ,68.900              ,60.500              ,90.000              
61.400              ,69.800              ,63.100              ,83.700              
61.900              ,71.500              ,63.100              ,84.600              
61.400              ,68.900              ,61.800              ,85.900              
60.700              ,72.500              ,63.200              ,87.300              
58.400              ,64.900              ,62.500              ,86.700              
57.300              ,66.400              ,58.800              ,82.500              
58.000              ,66.600              ,58.600              ,84.300              
56.900              ,67.200              ,57.600              ,79.100              
57.100              ,66.800              ,56.900              ,84.700              
56.300              ,66.000              ,58.300              ,83.700              
57.600              ,69.600              ,57.800              ,85.100              
57.700              ,71.500              ,57.900              ,84.500              
57.700              ,71.100              ,59.300              ,85.400              
58.900              ,69.100              ,59.500              ,84.600              
58.700              ,66.600              ,57.800              ,87.200              
58.100              ,65.900              ,57.400              ,85.600              
56.800              ,67.300              ,57.100              ,83.500              
56.200              ,64.900              ,56.800              ,83.900              
56.800              ,64.800              ,56.800              ,85.800              
56.500              ,64.100              ,57.900              ,81.700              
57.000              ,64.700              ,57.500              ,76.500              
56.100              ,61.600              ,58.100              ,77.500              
59.400              ,69.800              ,57.500              ,82.600              
64.400              ,74.600              ,60.200              ,90.200              
63.900              ,76.200              ,26.900              ,96.500              
66.400              ,70.300              ,23.900              ,95.700              
