,Memory
,4208.395
,4208.394
,4208.394
,4208.394
,4208.393
,4208.393
,4208.394
,4208.395
,4208.394
,4208.394
,4208.394
,4208.394
,4208.394
,4208.394
,4208.394
,4208.394
,4208.394
,4208.394
,4208.394
,4208.393
,4208.393
,4208.394
,4208.394
,4208.394
,4208.393
,4208.393
,4208.394
,4208.394
,4208.394
,4208.394
,4208.394
,4208.394
,4208.394
,4208.393
,4208.393
,4208.395
,4208.394
,4208.394
,4208.394
,4208.393
,4208.393
,4208.394
,4208.394
,4208.394
,4208.394
,4208.394
,4208.394
,4208.394
,4208.394
,4208.394
,4208.394
,4208.394
,4208.394
,4208.394
,4208.394
,4208.394
,4208.394
,4208.394
,4208.394
,4208.394
,4208.394
