58.900              
54.700              
54.000              
53.700              
53.200              
53.800              
55.000              
52.800              
52.200              
52.500              
54.500              
54.500              
52.800              
52.000              
51.300              
50.800              
50.300              
47.400              
46.600              
46.000              
45.500              
45.700              
46.900              
50.200              
51.600              
51.800              
57.600              
58.700              
55.800              
57.600              
60.300              
61.600              
61.100              
61.400              
61.900              
61.400              
60.700              
58.400              
57.300              
58.000              
56.900              
57.100              
56.300              
57.600              
57.700              
57.700              
58.900              
58.700              
58.100              
56.800              
56.200              
56.800              
56.500              
57.000              
56.100              
59.400              
64.400              
63.900              
66.400                           
