56.200              
60.900              
63.500              
58.900              
59.100              
62.100              
64.400              
64.500              
61.400              
60.900              
63.500              
65.000              
64.900              
64.200              
62.800              
60.000              
58.400              
55.200              
53.900              
54.100              
52.200              
54.200              
55.600              
59.100              
58.200              
62.900              
61.300              
62.500              
66.000              
66.300              
69.400              
71.300              
68.900              
69.800              
71.500              
68.900              
72.500              
64.900              
66.400              
66.600              
67.200              
66.800              
66.000              
69.600              
71.500              
71.100              
69.100              
66.600              
65.900              
67.300              
64.900              
64.800              
64.100              
64.700              
61.600              
69.800              
74.600              
76.200              
70.300              
