18.400              
26.200              
33.300              
38.600              
41.900              
46.900              
48.900              
52.600              
54.500              
53.400              
53.400              
55.400              
54.900              
55.300              
54.100              
52.000              
50.600              
49.400              
47.200              
46.500              
45.600              
44.800              
45.300              
47.000              
50.700              
51.900              
51.900              
56.800              
59.000              
55.500              
57.600              
60.800              
60.500              
63.100              
63.100              
61.800              
63.200              
62.500              
58.800              
58.600              
57.600              
56.900              
58.300              
57.800              
57.900              
59.300              
59.500              
57.800              
57.400              
57.100              
56.800              
56.800              
57.900              
57.500              
58.100              
57.500              
60.200              
26.900              
23.900              
35.800              
29.700              
