69.600              
80.200              
79.700              
80.200              
80.000              
81.000              
85.400              
83.700              
78.900              
78.600              
79.500              
80.600              
81.200              
80.700              
79.300              
73.500              
72.300              
70.500              
68.200              
67.700              
65.600              
66.200              
0.000               
28.100              
72.000              
75.700              
76.600              
80.900              
82.600              
81.100              
81.600              
84.900              
86.900              
90.000              
83.700              
84.600              
85.900              
87.300              
86.700              
82.500              
84.300              
79.100              
84.700              
83.700              
85.100              
84.500              
85.400              
84.600              
87.200              
85.600              
83.500              
83.900              
85.800              
81.700              
76.500              
77.500              
82.600              
90.200              
96.500              
95.700              
86.400              
