01, 16-02-2021 22:39:08, GeForce GTX 1070
02, 16-02-2021 22:39:08, GPU temperature     ,GPU usage           ,Core clock          ,Memory clock        ,CPU temperature     ,CPU usage           ,CPU clock           ,Framerate           ,Frametime           

    16-02-2021 22:48:03, 70.000              ,75.000              ,1784.500            ,4006.800            ,66.000              ,52.965              ,1803.601            ,56.200              ,0.000               
80, 16-02-2021 22:48:04, 74.000              ,92.000              ,1797.000            ,4006.800            ,65.000              ,84.813              ,4208.401            ,60.900              ,620.669             
80, 16-02-2021 22:48:05, 75.000              ,97.000              ,1797.000            ,4006.800            ,64.000              ,85.510              ,4208.402            ,63.500              ,23.640              
80, 16-02-2021 22:48:06, 76.000              ,94.000              ,1797.000            ,4006.800            ,68.000              ,85.938              ,4208.402            ,58.900              ,27.643              
80, 16-02-2021 22:48:07, 76.000              ,89.000              ,1797.000            ,4006.800            ,66.000              ,91.016              ,4208.401            ,59.100              ,35.249              
80, 16-02-2021 22:48:08, 77.000              ,99.000              ,1797.000            ,4006.800            ,65.000              ,70.972              ,4208.401            ,62.100              ,21.759              
80, 16-02-2021 22:48:09, 78.000              ,98.000              ,1797.000            ,4006.800            ,65.000              ,91.576              ,4208.401            ,64.400              ,23.005              
80, 16-02-2021 22:48:10, 78.000              ,98.000              ,1797.000            ,4006.800            ,66.000              ,84.581              ,4208.401            ,64.500              ,29.205              
80, 16-02-2021 22:48:11, 78.000              ,98.000              ,1797.000            ,4006.800            ,66.000              ,78.516              ,4208.401            ,61.400              ,22.655              
80, 16-02-2021 22:48:12, 79.000              ,99.000              ,1784.500            ,4006.800            ,65.000              ,71.875              ,4208.402            ,60.900              ,21.784              
80, 16-02-2021 22:48:13, 79.000              ,99.000              ,1784.500            ,4006.800            ,65.000              ,76.953              ,4208.401            ,63.500              ,28.059              
80, 16-02-2021 22:48:14, 79.000              ,99.000              ,1771.500            ,4006.800            ,64.000              ,71.875              ,4208.401            ,65.000              ,20.370              
80, 16-02-2021 22:48:15, 80.000              ,99.000              ,1771.500            ,4006.800            ,64.000              ,72.702              ,4208.401            ,64.900              ,21.893              
80, 16-02-2021 22:48:16, 80.000              ,99.000              ,1771.500            ,4006.800            ,64.000              ,86.719              ,4208.401            ,64.200              ,20.809              
80, 16-02-2021 22:48:17, 80.000              ,99.000              ,1771.500            ,4006.800            ,63.000              ,67.383              ,4208.401            ,62.800              ,21.757              
80, 16-02-2021 22:48:18, 81.000              ,97.000              ,1771.500            ,4006.800            ,65.000              ,73.828              ,4208.401            ,60.000              ,37.558              
80, 16-02-2021 22:48:19, 81.000              ,94.000              ,1771.500            ,4006.800            ,68.000              ,93.917              ,4208.402            ,58.400              ,23.351              
80, 16-02-2021 22:48:21, 81.000              ,92.000              ,1746.500            ,4006.800            ,66.000              ,87.717              ,4208.401            ,55.200              ,26.075              
80, 16-02-2021 22:48:22, 82.000              ,99.000              ,1759.000            ,4006.800            ,65.000              ,75.195              ,4208.401            ,53.900              ,25.520              
80, 16-02-2021 22:48:23, 82.000              ,99.000              ,1771.500            ,4006.800            ,65.000              ,80.078              ,4208.402            ,54.100              ,27.876              
80, 16-02-2021 22:48:24, 82.000              ,99.000              ,1771.500            ,4006.800            ,67.000              ,83.398              ,4208.402            ,52.200              ,24.650              
80, 16-02-2021 22:48:25, 83.000              ,97.000              ,1784.500            ,4006.800            ,65.000              ,83.275              ,4208.401            ,54.200              ,26.134              
80, 16-02-2021 22:48:26, 82.000              ,93.000              ,1746.500            ,4006.800            ,65.000              ,80.350              ,4208.402            ,55.600              ,25.357              
80, 16-02-2021 22:48:27, 82.000              ,92.000              ,1759.000            ,4006.800            ,66.000              ,78.662              ,4208.402            ,59.100              ,25.083              
80, 16-02-2021 22:48:28, 82.000              ,93.000              ,1708.500            ,4006.800            ,67.000              ,84.375              ,4208.401            ,58.200              ,33.494              
80, 16-02-2021 22:48:29, 82.000              ,88.000              ,1797.000            ,4006.800            ,67.000              ,91.267              ,4208.401            ,62.900              ,24.903              
80, 16-02-2021 22:48:30, 82.000              ,79.000              ,1771.500            ,4006.800            ,68.000              ,92.295              ,4208.402            ,61.300              ,27.926              
80, 16-02-2021 22:48:31, 80.000              ,90.000              ,1683.000            ,4006.800            ,66.000              ,89.899              ,4208.402            ,62.500              ,25.431              
80, 16-02-2021 22:48:32, 82.000              ,95.000              ,1746.500            ,4006.800            ,66.000              ,86.543              ,4208.401            ,66.000              ,26.232              
80, 16-02-2021 22:48:33, 82.000              ,91.000              ,1771.500            ,4006.800            ,68.000              ,84.961              ,4208.401            ,66.300              ,30.915              
80, 16-02-2021 22:48:34, 82.000              ,97.000              ,1733.500            ,4006.800            ,66.000              ,87.297              ,4208.402            ,69.400              ,22.543              
80, 16-02-2021 22:48:35, 82.000              ,99.000              ,1721.000            ,4006.800            ,66.000              ,85.156              ,4208.402            ,71.300              ,21.044              
80, 16-02-2021 22:48:36, 82.000              ,97.000              ,1733.500            ,4006.800            ,68.000              ,83.203              ,4208.401            ,68.900              ,22.256              
80, 16-02-2021 22:48:37, 82.000              ,96.000              ,1721.000            ,4006.800            ,66.000              ,77.316              ,4208.403            ,69.800              ,21.935              
80, 16-02-2021 22:48:38, 82.000              ,96.000              ,1708.500            ,4006.800            ,65.000              ,68.043              ,4208.403            ,71.500              ,20.052              
80, 16-02-2021 22:48:39, 82.000              ,97.000              ,1695.500            ,4006.800            ,65.000              ,74.609              ,4208.401            ,68.900              ,59.227              
80, 16-02-2021 22:48:40, 82.000              ,96.000              ,1721.000            ,4006.800            ,63.000              ,76.932              ,4208.401            ,72.500              ,23.417              
80, 16-02-2021 22:48:41, 82.000              ,96.000              ,1708.500            ,4006.800            ,66.000              ,80.469              ,4208.402            ,64.900              ,24.130              
80, 16-02-2021 22:48:42, 82.000              ,92.000              ,1708.500            ,4006.800            ,64.000              ,74.792              ,4208.402            ,66.400              ,21.850              
80, 16-02-2021 22:48:43, 82.000              ,90.000              ,1708.500            ,4006.800            ,64.000              ,69.531              ,4208.401            ,66.600              ,25.599              
80, 16-02-2021 22:48:44, 81.000              ,97.000              ,1645.000            ,4006.800            ,65.000              ,70.203              ,4208.402            ,67.200              ,19.737              
80, 16-02-2021 22:48:45, 81.000              ,99.000              ,1645.000            ,4006.800            ,65.000              ,67.646              ,4208.401            ,66.800              ,24.948              
80, 16-02-2021 22:48:46, 82.000              ,98.000              ,1759.000            ,4006.800            ,67.000              ,74.414              ,4208.401            ,66.000              ,21.533              
80, 16-02-2021 22:48:47, 82.000              ,98.000              ,1695.500            ,4006.800            ,64.000              ,71.357              ,4208.402            ,69.600              ,19.705              
80, 16-02-2021 22:48:48, 81.000              ,98.000              ,1670.500            ,4006.800            ,63.000              ,69.922              ,4208.400            ,71.500              ,19.468              
80, 16-02-2021 22:48:49, 82.000              ,91.000              ,1695.500            ,4006.800            ,63.000              ,71.815              ,4208.402            ,71.100              ,22.381              
80, 16-02-2021 22:48:50, 83.000              ,99.000              ,1683.000            ,4006.800            ,65.000              ,71.549              ,4208.402            ,69.100              ,21.705              
80, 16-02-2021 22:48:51, 81.000              ,99.000              ,1657.500            ,4006.800            ,66.000              ,63.086              ,4208.402            ,66.600              ,20.101              
80, 16-02-2021 22:48:52, 82.000              ,99.000              ,1607.000            ,4006.800            ,66.000              ,75.387              ,4208.401            ,65.900              ,22.329              
80, 16-02-2021 22:48:53, 82.000              ,94.000              ,1556.500            ,4006.800            ,65.000              ,70.117              ,4208.401            ,67.300              ,20.071              
80, 16-02-2021 22:48:54, 82.000              ,92.000              ,1695.500            ,4006.800            ,63.000              ,74.240              ,4208.401            ,64.900              ,20.015              
80, 16-02-2021 22:48:55, 81.000              ,99.000              ,1620.000            ,4006.800            ,64.000              ,71.219              ,4208.401            ,64.800              ,22.285              
80, 16-02-2021 22:48:56, 82.000              ,98.000              ,1657.500            ,4006.800            ,66.000              ,72.510              ,4208.401            ,64.100              ,21.984              
80, 16-02-2021 22:48:57, 82.000              ,94.000              ,1670.500            ,4006.800            ,63.000              ,65.066              ,4208.401            ,64.700              ,20.563              
80, 16-02-2021 22:48:58, 81.000              ,97.000              ,1569.000            ,4006.800            ,65.000              ,63.091              ,4208.401            ,61.600              ,21.177              
80, 16-02-2021 22:48:59, 81.000              ,92.000              ,1569.000            ,4006.800            ,65.000              ,62.883              ,4208.401            ,69.800              ,24.276              
80, 16-02-2021 22:49:00, 82.000              ,97.000              ,1670.500            ,4006.800            ,65.000              ,77.734              ,4208.401            ,74.600              ,23.427              
80, 16-02-2021 22:49:01, 82.000              ,96.000              ,1569.000            ,4006.800            ,64.000              ,60.015              ,4208.401            ,76.200              ,21.566              
80, 16-02-2021 22:49:02, 82.000              ,95.000              ,1721.000            ,4006.800            ,66.000              ,69.036              ,4208.401            ,70.300              ,0.000               

