02, 16-02-2021 22:21:39, GPU temperature     ,GPU usage           ,Core clock          ,Memory clock        ,CPU temperature     ,CPU usage           ,CPU clock           ,Framerate           ,Frametime           
03, 16-02-2021 22:21:39, 0                   ,°C                  ,0.000               ,100.000             ,10                  ,                    ,                    
03, 16-02-2021 22:21:39, 1                   ,%                   ,0.000               ,100.000             ,10                  ,                    ,                    
03, 16-02-2021 22:21:39, 2                   ,MHz                 ,0.000               ,2500.000            ,10                  ,                    ,                    
03, 16-02-2021 22:21:39, 3                   ,MHz                 ,0.000               ,7500.000            ,10                  ,                    ,                    
03, 16-02-2021 22:21:39, 4                   ,°C                  ,0.000               ,100.000             ,10                  ,                    ,                    
03, 16-02-2021 22:21:39, 5                   ,%                   ,0.000               ,100.000             ,10                  ,                    ,                    
03, 16-02-2021 22:21:39, 6                   ,MHz                 ,0.000               ,5000.000            ,10                  ,                    ,                    
03, 16-02-2021 22:21:39, 7                   ,FPS                 ,0.000               ,200.000             ,10                  ,                    ,                    
03, 16-02-2021 22:21:40, 8                   ,ms                  ,0.000               ,100.000             ,10                  ,                    ,                    
80, 16-02-2021 22:22:41, 59.000              ,34.000              ,1506.000            ,4006.800            ,43.000              ,63.396              ,4208.402            ,18.900              ,0.000               
80, 16-02-2021 22:22:43, 60.000              ,36.000              ,1506.000            ,4006.800            ,43.000              ,76.866              ,1603.200            ,20.900              ,0.000               
80, 16-02-2021 22:22:44, 59.000              ,19.000              ,1506.000            ,4006.800            ,43.000              ,65.782              ,1402.800            ,18.500              ,0.000               
80, 16-02-2021 22:22:45, 60.000              ,39.000              ,1506.000            ,4006.800            ,43.000              ,90.514              ,1002.000            ,17.700              ,0.000               
80, 16-02-2021 22:22:46, 61.000              ,37.000              ,1506.000            ,4006.800            ,43.000              ,73.522              ,1202.401            ,24.300              ,0.000               
80, 16-02-2021 22:22:47, 60.000              ,37.000              ,1506.000            ,4006.800            ,43.000              ,68.945              ,1202.401            ,23.600              ,0.000               
80, 16-02-2021 22:22:48, 61.000              ,38.000              ,1506.000            ,4006.800            ,42.000              ,77.148              ,1202.400            ,23.900              ,0.000               
80, 16-02-2021 22:22:49, 61.000              ,41.000              ,1506.000            ,4006.800            ,43.000              ,86.719              ,1202.400            ,23.900              ,0.000               
80, 16-02-2021 22:22:50, 61.000              ,49.000              ,1506.000            ,4006.800            ,42.000              ,58.861              ,1402.800            ,28.500              ,0.000               
80, 16-02-2021 22:22:51, 61.000              ,33.000              ,1506.000            ,4006.800            ,42.000              ,62.500              ,1402.800            ,23.600              ,0.000               
80, 16-02-2021 22:22:52, 61.000              ,25.000              ,1506.000            ,4006.800            ,42.000              ,81.250              ,801.600             ,19.100              ,0.000               
80, 16-02-2021 22:22:53, 61.000              ,34.000              ,1506.000            ,4006.800            ,42.000              ,73.006              ,1002.000            ,24.300              ,0.000               
80, 16-02-2021 22:22:54, 61.000              ,33.000              ,1506.000            ,4006.800            ,42.000              ,74.219              ,1002.001            ,23.800              ,0.000               
80, 16-02-2021 22:22:55, 61.000              ,37.000              ,1506.000            ,4006.800            ,42.000              ,71.875              ,1002.000            ,25.000              ,0.000               
80, 16-02-2021 22:22:56, 61.000              ,39.000              ,1506.000            ,4006.800            ,43.000              ,64.648              ,1002.000            ,24.500              ,0.000               
80, 16-02-2021 22:22:57, 61.000              ,25.000              ,1506.000            ,4006.800            ,42.000              ,86.351              ,1002.000            ,18.900              ,0.000               
80, 16-02-2021 22:22:58, 62.000              ,32.000              ,1506.000            ,4006.800            ,42.000              ,78.711              ,1202.401            ,23.900              ,0.000               
80, 16-02-2021 22:22:59, 62.000              ,43.000              ,1506.000            ,4006.800            ,43.000              ,82.031              ,1402.801            ,24.400              ,0.000               
80, 16-02-2021 22:23:00, 62.000              ,44.000              ,1506.000            ,4006.800            ,43.000              ,84.961              ,1402.800            ,23.000              ,0.000               
80, 16-02-2021 22:23:01, 62.000              ,52.000              ,1506.000            ,4006.800            ,43.000              ,85.938              ,1603.200            ,27.100              ,0.000               
80, 16-02-2021 22:23:02, 63.000              ,55.000              ,1506.000            ,4006.800            ,44.000              ,75.586              ,1803.601            ,28.100              ,0.000               
80, 16-02-2021 22:23:03, 63.000              ,53.000              ,1506.000            ,4006.800            ,43.000              ,70.117              ,1803.601            ,29.200              ,0.000               
80, 16-02-2021 22:23:04, 63.000              ,56.000              ,1506.000            ,4006.800            ,43.000              ,73.047              ,1803.600            ,31.500              ,0.000               
80, 16-02-2021 22:23:05, 63.000              ,56.000              ,1506.000            ,4006.800            ,43.000              ,62.514              ,1803.600            ,33.800              ,0.000               
80, 16-02-2021 22:23:06, 63.000              ,56.000              ,1506.000            ,4006.800            ,43.000              ,63.672              ,1803.600            ,35.600              ,0.000               
80, 16-02-2021 22:23:07, 64.000              ,51.000              ,1582.000            ,4006.800            ,42.000              ,74.990              ,1803.600            ,37.900              ,0.000               
80, 16-02-2021 22:23:08, 64.000              ,52.000              ,1582.000            ,4006.800            ,43.000              ,59.180              ,2004.000            ,40.600              ,0.000               
80, 16-02-2021 22:23:09, 64.000              ,57.000              ,1620.000            ,4006.800            ,43.000              ,65.234              ,2004.000            ,43.000              ,0.000               
80, 16-02-2021 22:23:10, 66.000              ,57.000              ,1759.000            ,4006.800            ,43.000              ,74.609              ,2004.000            ,43.900              ,0.000               
80, 16-02-2021 22:23:11, 66.000              ,53.000              ,1759.000            ,4006.800            ,42.000              ,64.063              ,2004.001            ,46.100              ,0.000               
80, 16-02-2021 22:23:12, 66.000              ,54.000              ,1759.000            ,4006.800            ,43.000              ,77.701              ,2004.001            ,42.500              ,0.000               
80, 16-02-2021 22:23:13, 67.000              ,52.000              ,1759.000            ,4006.800            ,43.000              ,65.234              ,2004.000            ,48.400              ,0.000               
80, 16-02-2021 22:23:14, 67.000              ,53.000              ,1759.000            ,4006.800            ,42.000              ,66.797              ,2004.000            ,48.700              ,0.000               
80, 16-02-2021 22:23:15, 67.000              ,50.000              ,1759.000            ,4006.800            ,43.000              ,68.440              ,2004.000            ,48.000              ,0.000               
80, 16-02-2021 22:23:16, 67.000              ,55.000              ,1759.000            ,4006.800            ,43.000              ,68.858              ,2004.000            ,48.200              ,0.000               
80, 16-02-2021 22:23:17, 67.000              ,53.000              ,1759.000            ,4006.800            ,43.000              ,66.257              ,2004.000            ,48.600              ,0.000               
80, 16-02-2021 22:23:18, 67.000              ,54.000              ,1759.000            ,4006.800            ,43.000              ,68.750              ,2004.000            ,47.400              ,0.000               
80, 16-02-2021 22:23:19, 68.000              ,58.000              ,1759.000            ,4006.800            ,42.000              ,68.089              ,2004.000            ,45.700              ,0.000               
80, 16-02-2021 22:23:20, 68.000              ,57.000              ,1759.000            ,4006.800            ,43.000              ,66.016              ,2004.001            ,46.500              ,0.000               
80, 16-02-2021 22:23:21, 69.000              ,58.000              ,1797.000            ,4006.800            ,42.000              ,65.039              ,2004.001            ,45.700              ,0.000               
80, 16-02-2021 22:23:22, 69.000              ,54.000              ,1797.000            ,4006.800            ,43.000              ,65.820              ,2004.000            ,44.300              ,0.000               
80, 16-02-2021 22:23:23, 69.000              ,55.000              ,1797.000            ,4006.800            ,43.000              ,70.313              ,2004.000            ,46.100              ,0.000               
80, 16-02-2021 22:23:24, 71.000              ,57.000              ,1835.000            ,4006.800            ,43.000              ,70.425              ,2204.401            ,44.300              ,0.000               
80, 16-02-2021 22:23:25, 72.000              ,60.000              ,1835.000            ,4006.800            ,43.000              ,67.969              ,2204.401            ,49.100              ,0.000               
80, 16-02-2021 22:23:26, 72.000              ,62.000              ,1835.000            ,4006.800            ,43.000              ,61.133              ,2204.401            ,50.800              ,0.000               
80, 16-02-2021 22:23:27, 72.000              ,63.000              ,1835.000            ,4006.800            ,44.000              ,64.063              ,2204.401            ,50.200              ,0.000               
80, 16-02-2021 22:23:28, 73.000              ,64.000              ,1835.000            ,4006.800            ,43.000              ,61.553              ,2204.401            ,50.900              ,0.000               
80, 16-02-2021 22:23:29, 73.000              ,63.000              ,1835.000            ,4006.800            ,43.000              ,70.425              ,2204.401            ,47.700              ,0.000               
80, 16-02-2021 22:23:30, 73.000              ,60.000              ,1835.000            ,4006.800            ,43.000              ,62.500              ,2204.401            ,51.000              ,0.000               
80, 16-02-2021 22:23:31, 74.000              ,58.000              ,1835.000            ,4006.800            ,43.000              ,69.922              ,2204.401            ,50.600              ,0.000               
80, 16-02-2021 22:23:32, 74.000              ,60.000              ,1835.000            ,4006.800            ,44.000              ,65.430              ,2204.401            ,50.400              ,0.000               
80, 16-02-2021 22:23:33, 74.000              ,56.000              ,1835.000            ,4006.800            ,43.000              ,66.992              ,2204.401            ,51.100              ,0.000               
80, 16-02-2021 22:23:34, 74.000              ,63.000              ,1835.000            ,4006.800            ,43.000              ,67.383              ,2204.401            ,52.300              ,0.000               
80, 16-02-2021 22:23:35, 75.000              ,57.000              ,1835.000            ,4006.800            ,43.000              ,63.867              ,2204.401            ,51.500              ,0.000               
80, 16-02-2021 22:23:36, 75.000              ,59.000              ,1835.000            ,4006.800            ,43.000              ,64.436              ,2204.401            ,51.900              ,0.000               
80, 16-02-2021 22:23:37, 74.000              ,49.000              ,1835.000            ,4006.800            ,43.000              ,67.845              ,2204.401            ,54.400              ,0.000               
80, 16-02-2021 22:23:38, 75.000              ,55.000              ,1835.000            ,4006.800            ,43.000              ,66.743              ,2204.401            ,56.500              ,0.000               
80, 16-02-2021 22:23:39, 75.000              ,60.000              ,1835.000            ,4006.800            ,43.000              ,64.868              ,2204.401            ,57.500              ,0.000               
80, 16-02-2021 22:23:40, 75.000              ,54.000              ,1835.000            ,4006.800            ,43.000              ,67.383              ,2204.401            ,56.600              ,0.000               
