01, 16-02-2021 22:30:04, GeForce GTX 1070
02, 16-02-2021 22:30:04, GPU temperature     ,GPU usage           ,Core clock          ,Memory clock        ,CPU temperature     ,CPU usage           ,CPU clock           ,Framerate           ,Frametime           
03, 16-02-2021 22:30:04, 0                   ,°C                  ,0.000               ,100.000             ,10                  ,                    ,                    
03, 16-02-2021 22:30:04, 1                   ,%                   ,0.000               ,100.000             ,10                  ,                    ,                    
03, 16-02-2021 22:30:04, 2                   ,MHz                 ,0.000               ,2500.000            ,10                  ,                    ,                    
03, 16-02-2021 22:30:04, 3                   ,MHz                 ,0.000               ,7500.000            ,10                  ,                    ,                    
03, 16-02-2021 22:30:04, 4                   ,°C                  ,0.000               ,100.000             ,10                  ,                    ,                    
03, 16-02-2021 22:30:04, 5                   ,%                   ,0.000               ,100.000             ,10                  ,                    ,                    
03, 16-02-2021 22:30:04, 6                   ,MHz                 ,0.000               ,5000.000            ,10                  ,                    ,                    
03, 16-02-2021 22:30:04, 7                   ,FPS                 ,0.000               ,200.000             ,10                  ,                    ,                    
03, 16-02-2021 22:30:04, 8                   ,ms                  ,0.000               ,100.000             ,10                  ,                    ,                    
80, 16-02-2021 22:30:19, 82.000              ,82.000              ,1809.500            ,4006.800            ,71.000              ,53.784              ,4208.402            ,69.600              ,0.000               
80, 16-02-2021 22:30:20, 82.000              ,98.000              ,1670.500            ,4006.800            ,74.000              ,73.471              ,4208.401            ,80.200              ,0.000               
80, 16-02-2021 22:30:21, 82.000              ,87.000              ,1708.500            ,4006.800            ,71.000              ,73.633              ,4208.401            ,79.700              ,0.000               
80, 16-02-2021 22:30:22, 82.000              ,98.000              ,1670.500            ,4006.800            ,65.000              ,73.006              ,4208.401            ,80.200              ,0.000               
80, 16-02-2021 22:30:23, 82.000              ,99.000              ,1670.500            ,4006.800            ,64.000              ,55.078              ,4208.400            ,80.000              ,0.000               
80, 16-02-2021 22:30:24, 82.000              ,96.000              ,1645.000            ,4006.800            ,63.000              ,61.914              ,4208.400            ,81.000              ,0.000               
80, 16-02-2021 22:30:25, 82.000              ,98.000              ,1657.500            ,4006.800            ,62.000              ,61.360              ,4208.403            ,85.400              ,0.000               
80, 16-02-2021 22:30:26, 82.000              ,98.000              ,1670.500            ,4006.800            ,63.000              ,61.493              ,4208.403            ,83.700              ,0.000               
80, 16-02-2021 22:30:27, 81.000              ,99.000              ,1607.000            ,4006.800            ,57.000              ,47.510              ,4208.401            ,78.900              ,0.000               
80, 16-02-2021 22:30:28, 82.000              ,99.000              ,1569.000            ,4006.800            ,57.000              ,44.444              ,4208.401            ,78.600              ,0.000               
80, 16-02-2021 22:30:29, 82.000              ,99.000              ,1683.000            ,4006.800            ,62.000              ,55.737              ,4208.402            ,79.500              ,0.000               
80, 16-02-2021 22:30:30, 82.000              ,99.000              ,1670.500            ,4006.800            ,60.000              ,56.250              ,4208.402            ,80.600              ,0.000               
80, 16-02-2021 22:30:31, 82.000              ,97.000              ,1645.000            ,4006.800            ,62.000              ,51.749              ,4208.401            ,81.200              ,0.000               
80, 16-02-2021 22:30:32, 82.000              ,99.000              ,1657.500            ,4006.800            ,62.000              ,54.546              ,4208.401            ,80.700              ,0.000               
80, 16-02-2021 22:30:33, 83.000              ,99.000              ,1594.500            ,4006.800            ,65.000              ,47.461              ,4208.401            ,79.300              ,0.000               
80, 16-02-2021 22:30:34, 83.000              ,97.000              ,1620.000            ,4006.800            ,63.000              ,57.900              ,4208.402            ,73.500              ,0.000               
80, 16-02-2021 22:30:35, 82.000              ,98.000              ,1582.000            ,4006.800            ,64.000              ,63.672              ,4208.402            ,72.300              ,0.000               
80, 16-02-2021 22:30:36, 82.000              ,99.000              ,1645.000            ,4006.800            ,62.000              ,63.086              ,4208.401            ,70.500              ,0.000               
80, 16-02-2021 22:30:37, 81.000              ,99.000              ,1556.500            ,4006.800            ,62.000              ,61.890              ,4208.401            ,68.200              ,0.000               
80, 16-02-2021 22:30:38, 82.000              ,99.000              ,1620.000            ,4006.800            ,62.000              ,50.018              ,4208.402            ,67.700              ,0.000               
80, 16-02-2021 22:30:39, 82.000              ,99.000              ,1582.000            ,4006.800            ,63.000              ,48.633              ,4208.401            ,65.600              ,0.000               
80, 16-02-2021 22:30:40, 81.000              ,98.000              ,1645.000            ,4006.800            ,52.000              ,56.928              ,4208.401            ,66.200              ,483.211             
80, 16-02-2021 22:30:41, 75.000              ,1.000               ,1645.000            ,4006.800            ,49.000              ,6.188               ,4208.402            ,0.000               ,0.000               
80, 16-02-2021 22:30:42, 83.000              ,94.000              ,1594.500            ,4006.800            ,66.000              ,66.211              ,4208.402            ,28.100              ,1234.881            
80, 16-02-2021 22:30:43, 82.000              ,96.000              ,1670.500            ,4006.800            ,64.000              ,64.669              ,4208.401            ,72.000              ,18.937              
80, 16-02-2021 22:30:44, 82.000              ,99.000              ,1670.500            ,4006.800            ,63.000              ,58.861              ,4208.401            ,75.700              ,16.952              
80, 16-02-2021 22:30:45, 81.000              ,97.000              ,1594.500            ,4006.800            ,63.000              ,65.430              ,4208.402            ,76.600              ,16.207              
80, 16-02-2021 22:30:46, 82.000              ,82.000              ,1556.500            ,4006.800            ,64.000              ,66.654              ,4208.402            ,80.900              ,17.240              
80, 16-02-2021 22:30:47, 82.000              ,79.000              ,1733.500            ,4006.800            ,64.000              ,68.555              ,4208.402            ,82.600              ,17.053              
80, 16-02-2021 22:30:48, 82.000              ,90.000              ,1708.500            ,4006.800            ,64.000              ,66.406              ,4208.401            ,81.100              ,15.104              
80, 16-02-2021 22:30:49, 82.000              ,80.000              ,1695.500            ,4006.800            ,63.000              ,68.089              ,4208.403            ,81.600              ,19.774              
80, 16-02-2021 22:30:50, 82.000              ,87.000              ,1708.500            ,4006.800            ,63.000              ,62.305              ,4208.401            ,84.900              ,16.135              
80, 16-02-2021 22:30:51, 82.000              ,85.000              ,1721.000            ,4006.800            ,63.000              ,62.486              ,4208.401            ,86.900              ,14.426              
80, 16-02-2021 22:30:52, 82.000              ,87.000              ,1695.500            ,4006.800            ,64.000              ,58.861              ,4208.401            ,90.000              ,16.002              
80, 16-02-2021 22:30:53, 82.000              ,82.000              ,1721.000            ,4006.800            ,64.000              ,66.211              ,4208.401            ,83.700              ,15.421              
80, 16-02-2021 22:30:54, 82.000              ,81.000              ,1733.500            ,4006.800            ,62.000              ,59.905              ,4208.401            ,84.600              ,18.248              
80, 16-02-2021 22:30:55, 82.000              ,84.000              ,1721.000            ,4006.800            ,63.000              ,58.789              ,4208.402            ,85.900              ,15.267              
80, 16-02-2021 22:30:56, 82.000              ,84.000              ,1632.500            ,4006.800            ,63.000              ,57.131              ,4208.402            ,87.300              ,13.775              
80, 16-02-2021 22:30:57, 82.000              ,88.000              ,1695.500            ,4006.800            ,63.000              ,59.570              ,4208.400            ,86.700              ,13.742              
80, 16-02-2021 22:30:58, 81.000              ,97.000              ,1620.000            ,4006.800            ,64.000              ,61.692              ,4208.402            ,82.500              ,17.718              
80, 16-02-2021 22:30:59, 81.000              ,89.000              ,1620.000            ,4006.800            ,69.000              ,57.617              ,4208.402            ,84.300              ,15.406              
80, 16-02-2021 22:31:00, 82.000              ,85.000              ,1632.500            ,4006.800            ,63.000              ,69.434              ,4208.401            ,79.100              ,18.315              
80, 16-02-2021 22:31:01, 82.000              ,91.000              ,1657.500            ,4006.800            ,64.000              ,63.677              ,4208.402            ,84.700              ,14.668              
80, 16-02-2021 22:31:02, 82.000              ,86.000              ,1733.500            ,4006.800            ,63.000              ,62.109              ,4208.401            ,83.700              ,16.303              
80, 16-02-2021 22:31:03, 81.000              ,87.000              ,1607.000            ,4006.800            ,63.000              ,62.500              ,4208.401            ,85.100              ,16.490              
80, 16-02-2021 22:31:04, 81.000              ,86.000              ,1569.000            ,4006.800            ,63.000              ,60.433              ,4208.402            ,84.500              ,19.157              
80, 16-02-2021 22:31:05, 82.000              ,83.000              ,1721.000            ,4006.800            ,65.000              ,65.207              ,4208.401            ,85.400              ,17.754              
80, 16-02-2021 22:31:06, 82.000              ,80.000              ,1721.000            ,4006.800            ,66.000              ,63.086              ,4208.401            ,84.600              ,17.002              
80, 16-02-2021 22:31:07, 81.000              ,92.000              ,1594.500            ,4006.800            ,65.000              ,63.859              ,4208.402            ,87.200              ,18.614              
80, 16-02-2021 22:31:08, 81.000              ,91.000              ,1632.500            ,4006.800            ,65.000              ,62.089              ,4208.402            ,85.600              ,20.418              
80, 16-02-2021 22:31:09, 82.000              ,86.000              ,1670.500            ,4006.800            ,65.000              ,62.500              ,4208.402            ,83.500              ,15.191              
80, 16-02-2021 22:31:10, 82.000              ,84.000              ,1695.500            ,4006.800            ,63.000              ,60.352              ,4208.401            ,83.900              ,19.788              
80, 16-02-2021 22:31:11, 82.000              ,86.000              ,1708.500            ,4006.800            ,65.000              ,57.900              ,4208.401            ,85.800              ,16.395              
80, 16-02-2021 22:31:12, 82.000              ,79.000              ,1733.500            ,4006.800            ,65.000              ,68.242              ,4208.401            ,81.700              ,18.358              
80, 16-02-2021 22:31:13, 82.000              ,88.000              ,1607.000            ,4006.800            ,66.000              ,64.063              ,4208.401            ,76.500              ,46.962              
80, 16-02-2021 22:31:14, 82.000              ,97.000              ,1594.500            ,4006.800            ,65.000              ,69.627              ,4208.401            ,77.500              ,16.502              
80, 16-02-2021 22:31:15, 83.000              ,86.000              ,1556.500            ,4006.800            ,63.000              ,62.883              ,4208.401            ,82.600              ,15.631              
80, 16-02-2021 22:31:16, 82.000              ,83.000              ,1708.500            ,4006.800            ,65.000              ,55.978              ,4208.401            ,90.200              ,17.930              
80, 16-02-2021 22:31:17, 82.000              ,89.000              ,1695.500            ,4006.800            ,63.000              ,66.421              ,4208.402            ,96.500              ,14.802              
80, 16-02-2021 22:31:18, 81.000              ,88.000              ,1582.000            ,4006.800            ,64.000              ,55.748              ,4208.402            ,95.700              ,17.308              
80, 16-02-2021 22:31:19, 81.000              ,76.000              ,1759.000            ,4006.800            ,59.000              ,57.708              ,4208.401            ,86.400              ,0.000               
