35.500              
41.900              
41.500              
42.800              
42.900              
40.600              
20.100              
22.300              
21.600              
20.600              
22.600              
22.100              
22.000              
22.600              
21.600              
21.900              
22.200              
21.900              
22.300              
22.100              
12.500              
20.400              
17.800              
15.400              
20.700              
21.700              
19.500              
22.200              
19.600              
12.800              
33.600              
34.400              
40.600              
48.400              
20.900              
8.200               
11.500              
10.600              
17.800              
8.300               
17.300              
17.300              
12.200              
18.800              
14.300              
12.900              
8.700               
16.500              
8.300               
16.700              
13.900              
16.900              
16.200              
15.400              
17.900              
9.000               
16.600              
19.800              
23.200              
11.900              
19.500              
27.500              
15.700              
15.100              
15.900              
20.000              
17.800              
21.600              
20.300              
17.600              
20.600              
9.700               
22.900              
21.400              
16.500              
10.700              
12.400              
11.500              
12.100              
12.500              
12.800              
12.300              
12.900              
11.900              
12.600              
12.700              
18.100              
13.500              
16.600              
15.100              
14.800              
14.600              
13.000              
17.400              
12.600              
16.500              
22.900              
15.400              
11.900              
8.800               
11.600              
9.900               
12.300              
13.700              
11.600              
16.800              
19.500              
15.700              
21.600              
20.300              
16.800              
19.600              
17.700              
20.100              
24.300              
27.700              
