59.900              
59.900              
60.000              
59.900              
60.000              
60.000              
60.000              
59.900              
60.000              
60.000              
60.000              
56.900              
58.900              
58.000              
58.900              
59.900              
59.000              
56.000              
53.200              
55.900              
59.000              
54.100              
57.800              
54.800              
51.700              
59.900              
53.900              
59.800              
59.900              
56.000              
58.900              
59.000              
58.000              
55.900              
60.000              
59.900              
55.000              
58.900              
55.000              
57.000              
58.900              
53.900              
60.000              
59.000              
53.900              
59.000              
60.000              
59.000              
50.100              
56.100              
56.900              
59.000              
58.000              
59.900              
47.200              
