78.100              
80.200              
76.100              
79.500              
79.600              
79.900              
80.400              
77.500              
78.500              
89.600              
84.200              
86.900              
110.800             
65.300              
66.900              
79.300              
81.900              
73.600              
68.700              
67.600              
68.500              
72.400              
80.300              
86.800              
83.100              
74.500              
71.400              
74.600              
70.200              
81.200              
70.400              
70.600              
68.100              
71.000              
72.500              
68.700              
70.700              
73.400              
63.600              
73.400              
74.300              
70.600              
62.700              
67.200              
68.300              
82.100              
88.200              
88.600              
54.700              
