96.000              
84.800              
102.800             
116.900             
110.800             
115.200             
112.700             
79.900              
85.100              
103.600             
103.100             
89.700              
79.800              
91.200              
83.900              
94.800              
113.400             
112.900             
105.200             
90.800              
87.500              
86.500              
97.500              
113.100             
79.900              
89.200              
84.800              
84.600              
86.500              
76.900              
87.200              
77.800              
95.100              
97.300              
83.800              
64.400              
79.000              
105.700             
109.400             
93.300              
