01, 17-02-2021 09:08:12, GeForce GTX 1070
02, 17-02-2021 09:08:12, GPU temperature     ,GPU usage           ,Core clock          ,Memory clock        ,CPU temperature     ,CPU usage           ,CPU clock           ,Framerate           ,Frametime           
03, 17-02-2021 09:08:12, 0                   ,°C                  ,0.000               ,100.000             ,10                  ,                    ,                    
03, 17-02-2021 09:08:12, 1                   ,%                   ,0.000               ,100.000             ,10                  ,                    ,                    
03, 17-02-2021 09:08:12, 2                   ,MHz                 ,0.000               ,2500.000            ,10                  ,                    ,                    
03, 17-02-2021 09:08:12, 3                   ,MHz                 ,0.000               ,7500.000            ,10                  ,                    ,                    
03, 17-02-2021 09:08:12, 4                   ,°C                  ,0.000               ,100.000             ,10                  ,                    ,                    
03, 17-02-2021 09:08:12, 5                   ,%                   ,0.000               ,100.000             ,10                  ,                    ,                    
03, 17-02-2021 09:08:12, 6                   ,MHz                 ,0.000               ,5000.000            ,10                  ,                    ,                    
03, 17-02-2021 09:08:12, 7                   ,FPS                 ,0.000               ,200.000             ,10                  ,                    ,                    
03, 17-02-2021 09:08:12, 8                   ,ms                  ,0.000               ,100.000             ,10                  ,                    ,                    
80, 17-02-2021 09:11:51, 57.000              ,76.000              ,1860.000            ,4006.800            ,44.000              ,10.587              ,4208.401            ,0.000               ,0.000               
80, 17-02-2021 09:11:52, 58.000              ,76.000              ,1860.000            ,4006.800            ,46.000              ,23.004              ,4208.401            ,0.000               ,0.000               
80, 17-02-2021 09:11:53, 58.000              ,74.000              ,1860.000            ,4006.800            ,47.000              ,23.633              ,4208.401            ,0.000               ,0.000               
80, 17-02-2021 09:11:54, 58.000              ,60.000              ,1860.000            ,4006.800            ,47.000              ,27.148              ,4208.402            ,54.100              ,7092.047            
80, 17-02-2021 09:11:55, 59.000              ,74.000              ,1860.000            ,4006.800            ,39.000              ,25.989              ,4208.400            ,60.000              ,17.398              
80, 17-02-2021 09:11:56, 60.000              ,74.000              ,1860.000            ,4006.800            ,42.000              ,22.391              ,4208.400            ,59.900              ,17.184              
80, 17-02-2021 09:11:57, 60.000              ,75.000              ,1860.000            ,4006.800            ,45.000              ,21.680              ,4208.402            ,60.000              ,16.979              
80, 17-02-2021 09:11:58, 61.000              ,74.000              ,1860.000            ,4006.800            ,42.000              ,22.913              ,4208.402            ,59.900              ,17.086              
80, 17-02-2021 09:11:59, 61.000              ,73.000              ,1860.000            ,4006.800            ,47.000              ,23.780              ,4208.401            ,59.900              ,17.025              
80, 17-02-2021 09:12:00, 61.000              ,73.000              ,1860.000            ,4006.800            ,47.000              ,22.656              ,4208.401            ,60.000              ,16.947              
80, 17-02-2021 09:12:01, 60.000              ,77.000              ,1835.000            ,4006.800            ,57.000              ,36.914              ,4208.402            ,55.100              ,69.554              
80, 17-02-2021 09:12:02, 61.000              ,67.000              ,1860.000            ,4006.800            ,57.000              ,22.144              ,4208.401            ,58.900              ,31.459              
80, 17-02-2021 09:12:03, 61.000              ,67.000              ,1860.000            ,4006.800            ,45.000              ,25.170              ,4208.402            ,59.000              ,27.170              
80, 17-02-2021 09:12:04, 61.000              ,69.000              ,1860.000            ,4006.800            ,57.000              ,44.141              ,4208.402            ,58.000              ,43.682              
80, 17-02-2021 09:12:05, 62.000              ,73.000              ,1860.000            ,4006.800            ,40.000              ,30.987              ,4208.402            ,59.000              ,28.752              
80, 17-02-2021 09:12:06, 60.000              ,58.000              ,1860.000            ,4006.800            ,41.000              ,22.193              ,4208.402            ,59.900              ,17.408              
80, 17-02-2021 09:12:07, 62.000              ,81.000              ,1860.000            ,4006.800            ,60.000              ,30.859              ,4208.401            ,51.900              ,74.015              
80, 17-02-2021 09:12:08, 62.000              ,63.000              ,1860.000            ,4006.800            ,61.000              ,35.742              ,4208.401            ,55.000              ,47.978              
80, 17-02-2021 09:12:09, 63.000              ,61.000              ,1860.000            ,4006.800            ,56.000              ,26.758              ,4208.401            ,58.000              ,30.247              
80, 17-02-2021 09:12:10, 63.000              ,72.000              ,1860.000            ,4006.800            ,47.000              ,29.688              ,4208.402            ,54.900              ,69.897              
80, 17-02-2021 09:12:11, 63.000              ,63.000              ,1860.000            ,4006.800            ,58.000              ,27.911              ,4208.402            ,58.000              ,26.158              
80, 17-02-2021 09:12:12, 65.000              ,78.000              ,1860.000            ,4006.800            ,42.000              ,30.469              ,4208.401            ,57.900              ,32.062              
80, 17-02-2021 09:12:13, 64.000              ,81.000              ,1860.000            ,4006.800            ,51.000              ,42.240              ,4208.401            ,50.100              ,74.799              
80, 17-02-2021 09:12:14, 65.000              ,77.000              ,1860.000            ,4006.800            ,55.000              ,30.987              ,4208.402            ,58.900              ,26.774              
80, 17-02-2021 09:12:15, 65.000              ,73.000              ,1860.000            ,4006.800            ,48.000              ,33.203              ,4208.402            ,53.900              ,75.999              
80, 17-02-2021 09:12:16, 66.000              ,81.000              ,1822.500            ,4006.800            ,42.000              ,31.055              ,4208.401            ,60.000              ,19.933              
80, 17-02-2021 09:12:17, 66.000              ,69.000              ,1860.000            ,4006.800            ,40.000              ,24.609              ,4208.402            ,59.900              ,19.087              
80, 17-02-2021 09:12:18, 65.000              ,68.000              ,1847.500            ,4006.800            ,54.000              ,19.727              ,4208.402            ,60.000              ,21.598              
80, 17-02-2021 09:12:19, 65.000              ,68.000              ,1860.000            ,4006.800            ,57.000              ,33.203              ,4208.401            ,54.900              ,54.006              
80, 17-02-2021 09:12:20, 67.000              ,77.000              ,1835.000            ,4006.800            ,41.000              ,29.297              ,4208.401            ,60.000              ,19.702              
80, 17-02-2021 09:12:21, 67.000              ,69.000              ,1835.000            ,4006.800            ,50.000              ,32.422              ,4208.401            ,57.000              ,26.920              
80, 17-02-2021 09:12:22, 67.000              ,77.000              ,1835.000            ,4006.800            ,45.000              ,28.711              ,4208.402            ,60.000              ,19.449              
80, 17-02-2021 09:12:23, 68.000              ,81.000              ,1860.000            ,4006.800            ,50.000              ,33.903              ,4208.401            ,55.900              ,57.606              
80, 17-02-2021 09:12:24, 68.000              ,74.000              ,1835.000            ,4006.800            ,48.000              ,28.711              ,4208.401            ,60.000              ,20.642              
80, 17-02-2021 09:12:25, 68.000              ,80.000              ,1835.000            ,4006.800            ,49.000              ,25.977              ,4208.401            ,59.900              ,17.252              
80, 17-02-2021 09:12:26, 68.000              ,79.000              ,1835.000            ,4006.800            ,51.000              ,36.133              ,4208.401            ,55.900              ,31.468              
80, 17-02-2021 09:12:27, 69.000              ,79.000              ,1835.000            ,4006.800            ,47.000              ,28.488              ,4208.401            ,59.900              ,20.924              
80, 17-02-2021 09:12:28, 69.000              ,78.000              ,1835.000            ,4006.800            ,58.000              ,36.133              ,4208.402            ,56.000              ,50.985              
80, 17-02-2021 09:12:29, 69.000              ,79.000              ,1835.000            ,4006.800            ,49.000              ,32.712              ,4208.402            ,58.000              ,28.689              
80, 17-02-2021 09:12:30, 70.000              ,82.000              ,1835.000            ,4006.800            ,44.000              ,29.257              ,4208.401            ,58.900              ,28.433              
80, 17-02-2021 09:12:31, 69.000              ,82.000              ,1809.500            ,4006.800            ,50.000              ,38.270              ,4208.401            ,56.000              ,35.288              
80, 17-02-2021 09:12:32, 70.000              ,80.000              ,1835.000            ,4006.800            ,48.000              ,27.539              ,4208.402            ,59.900              ,21.571              
80, 17-02-2021 09:12:33, 70.000              ,76.000              ,1809.500            ,4006.800            ,57.000              ,36.328              ,4208.402            ,59.000              ,26.686              
80, 17-02-2021 09:12:34, 71.000              ,80.000              ,1835.000            ,4006.800            ,42.000              ,34.447              ,4208.401            ,54.900              ,41.597              
80, 17-02-2021 09:12:35, 71.000              ,79.000              ,1835.000            ,4006.800            ,43.000              ,24.609              ,4208.402            ,59.900              ,17.187              
80, 17-02-2021 09:12:36, 71.000              ,79.000              ,1835.000            ,4006.800            ,59.000              ,31.914              ,4208.402            ,59.900              ,17.998              
80, 17-02-2021 09:12:37, 71.000              ,87.000              ,1835.000            ,4006.800            ,51.000              ,34.056              ,4208.401            ,59.000              ,26.897              
80, 17-02-2021 09:12:38, 71.000              ,80.000              ,1835.000            ,4006.800            ,52.000              ,34.375              ,4208.402            ,51.900              ,48.683              
80, 17-02-2021 09:12:39, 71.000              ,80.000              ,1835.000            ,4006.800            ,59.000              ,38.672              ,4208.402            ,55.100              ,41.429              
80, 17-02-2021 09:12:40, 72.000              ,80.000              ,1835.000            ,4006.800            ,59.000              ,33.486              ,4208.401            ,58.900              ,27.142              
80, 17-02-2021 09:12:41, 71.000              ,63.000              ,1835.000            ,4006.800            ,55.000              ,37.500              ,4208.402            ,58.000              ,27.701              
80, 17-02-2021 09:12:42, 70.000              ,65.000              ,1835.000            ,4006.800            ,43.000              ,38.759              ,4208.401            ,55.000              ,46.451              
80, 17-02-2021 09:12:43, 71.000              ,66.000              ,1835.000            ,4006.800            ,60.000              ,32.579              ,4208.401            ,57.900              ,35.620              
80, 17-02-2021 09:12:44, 72.000              ,85.000              ,1835.000            ,4006.800            ,44.000              ,33.008              ,4208.402            ,53.900              ,89.915              
80, 17-02-2021 09:12:45, 73.000              ,79.000              ,1835.000            ,4006.800            ,45.000              ,28.320              ,4208.402            ,0.000               ,0.000               
