02, 17-02-2021 09:16:57, GPU temperature     ,GPU usage           ,Core clock          ,Memory clock        ,CPU temperature     ,CPU usage           ,CPU clock           ,Framerate           ,Frametime           
80, 17-02-2021 09:19:52, 61.000              ,53.000              ,1860.000            ,4006.800            ,37.000              ,61.328              ,1603.200            ,35.500              ,7146.802            
80, 17-02-2021 09:19:53, 63.000              ,54.000              ,1860.000            ,4006.800            ,37.000              ,59.766              ,1603.200            ,41.900              ,32.793              
80, 17-02-2021 09:19:54, 63.000              ,44.000              ,1860.000            ,4006.800            ,37.000              ,62.109              ,1603.200            ,41.500              ,30.964              
80, 17-02-2021 09:19:55, 63.000              ,51.000              ,1860.000            ,4006.800            ,37.000              ,57.617              ,1603.200            ,42.800              ,28.414              
80, 17-02-2021 09:19:56, 64.000              ,52.000              ,1860.000            ,4006.800            ,37.000              ,55.664              ,1603.201            ,42.900              ,29.340              
80, 17-02-2021 09:19:57, 64.000              ,56.000              ,1860.000            ,4006.800            ,37.000              ,56.333              ,1603.200            ,40.600              ,55.093              
80, 17-02-2021 09:19:58, 61.000              ,28.000              ,1860.000            ,4006.800            ,37.000              ,66.016              ,801.600             ,20.100              ,63.056              
80, 17-02-2021 09:19:59, 61.000              ,29.000              ,1860.000            ,4006.800            ,37.000              ,56.555              ,801.600             ,22.300              ,52.588              
80, 17-02-2021 09:20:00, 61.000              ,29.000              ,1860.000            ,4006.800            ,37.000              ,54.297              ,801.600             ,21.600              ,57.868              
80, 17-02-2021 09:20:01, 62.000              ,23.000              ,1860.000            ,4006.800            ,37.000              ,62.305              ,801.600             ,20.600              ,58.119              
80, 17-02-2021 09:20:02, 62.000              ,29.000              ,1860.000            ,4006.800            ,37.000              ,52.344              ,801.600             ,22.600              ,53.866              
80, 17-02-2021 09:20:03, 62.000              ,30.000              ,1860.000            ,4006.800            ,37.000              ,53.906              ,801.600             ,22.100              ,57.190              
80, 17-02-2021 09:20:04, 62.000              ,23.000              ,1860.000            ,4006.800            ,37.000              ,53.157              ,801.600             ,22.000              ,53.163              
80, 17-02-2021 09:20:05, 62.000              ,29.000              ,1860.000            ,4006.800            ,37.000              ,56.747              ,801.600             ,22.600              ,55.796              
80, 17-02-2021 09:20:06, 62.000              ,27.000              ,1860.000            ,4006.800            ,37.000              ,58.594              ,801.600             ,21.600              ,54.485              
80, 17-02-2021 09:20:07, 62.000              ,28.000              ,1860.000            ,4006.800            ,36.000              ,52.930              ,801.600             ,21.900              ,58.403              
80, 17-02-2021 09:20:08, 63.000              ,28.000              ,1860.000            ,4006.800            ,37.000              ,51.367              ,801.600             ,22.200              ,54.781              
80, 17-02-2021 09:20:09, 63.000              ,29.000              ,1860.000            ,4006.800            ,37.000              ,50.195              ,801.600             ,21.900              ,53.606              
80, 17-02-2021 09:20:10, 63.000              ,29.000              ,1860.000            ,4006.800            ,37.000              ,54.102              ,801.600             ,22.300              ,56.153              
80, 17-02-2021 09:20:11, 60.000              ,0.000               ,1860.000            ,4006.800            ,37.000              ,49.125              ,801.600             ,22.100              ,53.878              
80, 17-02-2021 09:20:12, 61.000              ,11.000              ,1860.000            ,4006.800            ,36.000              ,65.900              ,801.600             ,12.500              ,351.497             
80, 17-02-2021 09:20:13, 62.000              ,23.000              ,1835.000            ,4006.800            ,37.000              ,70.703              ,801.600             ,20.400              ,73.215              
80, 17-02-2021 09:20:14, 62.000              ,23.000              ,1835.000            ,4006.800            ,36.000              ,56.836              ,1002.000            ,17.800              ,82.467              
80, 17-02-2021 09:20:15, 60.000              ,6.000               ,1835.000            ,4006.800            ,37.000              ,77.930              ,801.600             ,15.400              ,260.682             
80, 17-02-2021 09:20:16, 63.000              ,35.000              ,1835.000            ,4006.800            ,36.000              ,66.743              ,1002.001            ,20.700              ,189.466             
80, 17-02-2021 09:20:17, 63.000              ,28.000              ,1835.000            ,4006.800            ,37.000              ,58.789              ,1002.001            ,21.700              ,106.135             
80, 17-02-2021 09:20:18, 62.000              ,21.000              ,1835.000            ,4006.800            ,36.000              ,55.469              ,1002.000            ,19.500              ,148.496             
80, 17-02-2021 09:20:19, 62.000              ,25.000              ,1809.500            ,4006.800            ,36.000              ,57.617              ,1002.001            ,22.200              ,65.267              
80, 17-02-2021 09:20:20, 61.000              ,15.000              ,1809.500            ,4006.800            ,36.000              ,63.867              ,801.600             ,19.600              ,105.053             
80, 17-02-2021 09:20:21, 61.000              ,15.000              ,1809.500            ,4006.800            ,36.000              ,64.844              ,801.600             ,12.800              ,117.796             
80, 17-02-2021 09:20:22, 63.000              ,38.000              ,1809.500            ,4006.800            ,36.000              ,55.737              ,1002.000            ,33.600              ,93.067              
80, 17-02-2021 09:20:23, 63.000              ,36.000              ,1809.500            ,4006.800            ,36.000              ,58.789              ,1002.000            ,34.400              ,57.675              
80, 17-02-2021 09:20:24, 65.000              ,30.000              ,1860.000            ,4006.800            ,36.000              ,64.821              ,1002.000            ,40.600              ,37.423              
80, 17-02-2021 09:20:25, 66.000              ,46.000              ,1860.000            ,4006.800            ,36.000              ,64.258              ,1002.000            ,48.400              ,28.787              
80, 17-02-2021 09:20:26, 63.000              ,14.000              ,1860.000            ,4006.800            ,37.000              ,56.055              ,1002.000            ,20.900              ,388.543             
80, 17-02-2021 09:20:27, 61.000              ,8.000               ,1835.000            ,4006.800            ,37.000              ,54.492              ,801.600             ,8.200               ,264.809             
80, 17-02-2021 09:20:28, 63.000              ,20.000              ,1835.000            ,4006.800            ,36.000              ,60.938              ,801.600             ,11.500              ,283.819             
80, 17-02-2021 09:20:29, 63.000              ,25.000              ,1809.500            ,4006.800            ,37.000              ,56.445              ,801.600             ,10.600              ,187.553             
80, 17-02-2021 09:20:30, 62.000              ,0.000               ,1809.500            ,4006.800            ,37.000              ,61.328              ,801.600             ,17.800              ,70.957              
80, 17-02-2021 09:20:31, 60.000              ,25.000              ,1341.500            ,4006.800            ,37.000              ,66.602              ,801.600             ,8.300               ,420.402             
80, 17-02-2021 09:20:32, 59.000              ,0.000               ,1341.500            ,4006.800            ,37.000              ,78.711              ,1202.401            ,17.300              ,50.423              
80, 17-02-2021 09:20:33, 62.000              ,8.000               ,1784.500            ,4006.800            ,37.000              ,56.250              ,1202.401            ,17.300              ,298.589             
80, 17-02-2021 09:20:34, 62.000              ,29.000              ,1784.500            ,4006.800            ,37.000              ,67.383              ,801.600             ,12.200              ,244.293             
80, 17-02-2021 09:20:35, 62.000              ,23.000              ,1784.500            ,4006.800            ,37.000              ,57.813              ,1002.000            ,18.800              ,101.654             
80, 17-02-2021 09:20:36, 62.000              ,23.000              ,1784.500            ,4006.800            ,37.000              ,63.281              ,1002.000            ,14.300              ,116.049             
80, 17-02-2021 09:20:37, 62.000              ,17.000              ,1784.500            ,4006.800            ,37.000              ,68.164              ,801.600             ,12.900              ,95.675              
80, 17-02-2021 09:20:38, 62.000              ,8.000               ,1784.500            ,4006.800            ,36.000              ,60.302              ,801.600             ,8.700               ,266.297             
80, 17-02-2021 09:20:39, 62.000              ,23.000              ,1784.500            ,4006.800            ,37.000              ,61.553              ,1002.000            ,16.500              ,86.255              
80, 17-02-2021 09:20:40, 62.000              ,23.000              ,1784.500            ,4006.800            ,37.000              ,64.844              ,801.600             ,8.300               ,323.067             
80, 17-02-2021 09:20:41, 63.000              ,22.000              ,1784.500            ,4006.800            ,37.000              ,63.281              ,801.600             ,16.700              ,96.007              
80, 17-02-2021 09:20:42, 62.000              ,16.000              ,1784.500            ,4006.800            ,37.000              ,60.938              ,801.600             ,13.900              ,103.808             
80, 17-02-2021 09:20:43, 63.000              ,23.000              ,1784.500            ,4006.800            ,36.000              ,56.055              ,801.600             ,16.900              ,86.614              
80, 17-02-2021 09:20:44, 63.000              ,22.000              ,1784.500            ,4006.800            ,37.000              ,63.672              ,801.600             ,16.200              ,85.731              
80, 17-02-2021 09:20:45, 63.000              ,22.000              ,1784.500            ,4006.800            ,37.000              ,68.750              ,801.600             ,15.400              ,92.244              
80, 17-02-2021 09:20:46, 61.000              ,0.000               ,1784.500            ,4006.800            ,37.000              ,53.906              ,801.600             ,17.900              ,60.483              
80, 17-02-2021 09:20:47, 63.000              ,16.000              ,1784.500            ,4006.800            ,37.000              ,56.055              ,801.600             ,9.000               ,418.999             
80, 17-02-2021 09:20:48, 63.000              ,20.000              ,1784.500            ,4006.800            ,37.000              ,52.930              ,1002.000            ,16.600              ,96.328              
80, 17-02-2021 09:20:49, 63.000              ,16.000              ,1784.500            ,4006.800            ,37.000              ,57.422              ,801.600             ,19.800              ,100.364             
80, 17-02-2021 09:20:50, 65.000              ,36.000              ,1784.500            ,4006.800            ,37.000              ,58.203              ,801.600             ,23.200              ,76.892              
80, 17-02-2021 09:20:51, 62.000              ,7.000               ,1784.500            ,4006.800            ,36.000              ,49.385              ,801.600             ,11.900              ,260.161             
80, 17-02-2021 09:20:52, 63.000              ,10.000              ,1784.500            ,4006.800            ,37.000              ,61.168              ,1002.000            ,19.500              ,100.875             
80, 17-02-2021 09:20:53, 66.000              ,46.000              ,1860.000            ,4006.800            ,37.000              ,61.890              ,801.600             ,27.500              ,98.304              
80, 17-02-2021 09:20:54, 65.000              ,22.000              ,1860.000            ,4006.800            ,37.000              ,55.978              ,1002.000            ,15.700              ,101.413             
80, 17-02-2021 09:20:55, 64.000              ,23.000              ,1835.000            ,4006.800            ,37.000              ,57.227              ,801.600             ,15.100              ,100.759             
80, 17-02-2021 09:20:56, 64.000              ,19.000              ,1835.000            ,4006.800            ,37.000              ,58.594              ,1002.000            ,15.900              ,112.841             
80, 17-02-2021 09:20:57, 65.000              ,23.000              ,1835.000            ,4006.800            ,37.000              ,58.594              ,1002.000            ,20.000              ,81.638              
80, 17-02-2021 09:20:58, 65.000              ,30.000              ,1835.000            ,4006.800            ,36.000              ,51.172              ,1002.000            ,17.800              ,79.818              
80, 17-02-2021 09:20:59, 66.000              ,30.000              ,1835.000            ,4006.800            ,37.000              ,55.469              ,1002.000            ,21.600              ,67.958              
80, 17-02-2021 09:21:00, 65.000              ,15.000              ,1835.000            ,4006.800            ,36.000              ,55.859              ,1002.000            ,20.300              ,71.055              
80, 17-02-2021 09:21:01, 65.000              ,23.000              ,1835.000            ,4006.800            ,37.000              ,61.914              ,1002.000            ,17.600              ,73.965              
80, 17-02-2021 09:21:02, 66.000              ,29.000              ,1835.000            ,4006.800            ,37.000              ,72.852              ,1002.000            ,20.600              ,57.730              
80, 17-02-2021 09:21:03, 64.000              ,17.000              ,1835.000            ,4006.800            ,37.000              ,66.406              ,1002.000            ,9.700               ,256.984             
80, 17-02-2021 09:21:04, 66.000              ,29.000              ,1835.000            ,4006.800            ,36.000              ,60.742              ,1002.000            ,22.900              ,71.263              
80, 17-02-2021 09:21:05, 66.000              ,23.000              ,1835.000            ,4006.800            ,36.000              ,55.078              ,801.600             ,21.400              ,55.119              
80, 17-02-2021 09:21:06, 65.000              ,14.000              ,1835.000            ,4006.800            ,36.000              ,57.813              ,801.601             ,16.500              ,144.808             
80, 17-02-2021 09:21:07, 64.000              ,16.000              ,1771.500            ,4006.800            ,37.000              ,61.914              ,801.601             ,10.700              ,136.184             
80, 17-02-2021 09:21:08, 64.000              ,21.000              ,1771.500            ,4006.800            ,37.000              ,54.688              ,801.600             ,12.400              ,161.458             
80, 17-02-2021 09:21:09, 63.000              ,8.000               ,1771.500            ,4006.800            ,36.000              ,55.078              ,801.600             ,11.500              ,133.708             
80, 17-02-2021 09:21:10, 64.000              ,24.000              ,1771.500            ,4006.800            ,36.000              ,64.844              ,801.600             ,12.100              ,303.655             
80, 17-02-2021 09:21:11, 64.000              ,17.000              ,1771.500            ,4006.800            ,37.000              ,55.469              ,801.600             ,12.500              ,127.348             
80, 17-02-2021 09:21:12, 64.000              ,17.000              ,1771.500            ,4006.800            ,37.000              ,64.648              ,801.600             ,12.800              ,133.416             
80, 17-02-2021 09:21:13, 64.000              ,19.000              ,1771.500            ,4006.800            ,37.000              ,58.984              ,801.600             ,12.300              ,118.688             
80, 17-02-2021 09:21:14, 64.000              ,26.000              ,1771.500            ,4006.800            ,36.000              ,57.227              ,801.600             ,12.900              ,139.815             
80, 17-02-2021 09:21:15, 64.000              ,16.000              ,1771.500            ,4006.800            ,36.000              ,58.203              ,801.600             ,11.900              ,127.748             
80, 17-02-2021 09:21:16, 64.000              ,17.000              ,1771.500            ,4006.800            ,36.000              ,69.141              ,801.600             ,12.600              ,113.316             
80, 17-02-2021 09:21:17, 64.000              ,24.000              ,1771.500            ,4006.800            ,36.000              ,73.047              ,1002.001            ,12.700              ,140.834             
80, 17-02-2021 09:21:18, 63.000              ,21.000              ,1493.000            ,4006.800            ,37.000              ,52.561              ,1202.401            ,18.100              ,122.990             
80, 17-02-2021 09:21:19, 63.000              ,19.000              ,1493.000            ,4006.800            ,36.000              ,58.669              ,801.598             ,13.500              ,141.092             
80, 17-02-2021 09:21:20, 62.000              ,27.000              ,1227.500            ,4006.800            ,37.000              ,57.813              ,801.598             ,16.600              ,71.014              
80, 17-02-2021 09:21:21, 61.000              ,32.000              ,1227.500            ,4006.800            ,36.000              ,64.453              ,801.603             ,15.100              ,90.521              
80, 17-02-2021 09:21:22, 61.000              ,32.000              ,1227.500            ,4006.800            ,36.000              ,61.914              ,801.603             ,14.800              ,107.507             
80, 17-02-2021 09:21:23, 61.000              ,24.000              ,1063.000            ,4006.800            ,36.000              ,63.086              ,801.600             ,14.600              ,85.497              
80, 17-02-2021 09:21:24, 61.000              ,35.000              ,1063.000            ,4006.800            ,36.000              ,68.359              ,801.600             ,13.000              ,131.872             
80, 17-02-2021 09:21:25, 61.000              ,10.000              ,1278.000            ,4006.800            ,37.000              ,58.984              ,1002.000            ,17.400              ,183.722             
80, 17-02-2021 09:21:26, 61.000              ,35.000              ,1278.000            ,4006.800            ,37.000              ,66.016              ,801.600             ,12.600              ,155.028             
80, 17-02-2021 09:21:27, 61.000              ,31.000              ,1278.000            ,4006.800            ,36.000              ,51.563              ,1002.000            ,16.500              ,104.116             
80, 17-02-2021 09:21:28, 62.000              ,39.000              ,1379.500            ,4006.800            ,36.000              ,53.906              ,1002.000            ,22.900              ,67.960              
80, 17-02-2021 09:21:29, 61.000              ,29.000              ,1379.500            ,4006.800            ,37.000              ,55.469              ,801.600             ,15.400              ,107.262             
80, 17-02-2021 09:21:30, 61.000              ,16.000              ,1379.500            ,4006.800            ,37.000              ,53.516              ,1002.000            ,11.900              ,123.848             
80, 17-02-2021 09:21:31, 61.000              ,24.000              ,1379.500            ,4006.800            ,36.000              ,59.570              ,801.600             ,8.800               ,346.308             
80, 17-02-2021 09:21:32, 60.000              ,19.000              ,1379.500            ,4006.800            ,36.000              ,65.463              ,801.600             ,11.600              ,178.968             
80, 17-02-2021 09:21:33, 61.000              ,19.000              ,1379.500            ,4006.800            ,36.000              ,63.477              ,801.600             ,9.900               ,141.676             
80, 17-02-2021 09:21:34, 61.000              ,19.000              ,1379.500            ,4006.800            ,36.000              ,62.322              ,1002.000            ,12.300              ,217.903             
80, 17-02-2021 09:21:35, 61.000              ,29.000              ,1379.500            ,4006.800            ,36.000              ,56.055              ,1002.000            ,13.700              ,120.458             
80, 17-02-2021 09:21:36, 61.000              ,20.000              ,1379.500            ,4006.800            ,36.000              ,62.891              ,801.601             ,11.600              ,121.122             
80, 17-02-2021 09:21:37, 61.000              ,30.000              ,1379.500            ,4006.800            ,36.000              ,58.594              ,801.600             ,16.800              ,139.597             
80, 17-02-2021 09:21:38, 61.000              ,31.000              ,1379.500            ,4006.800            ,36.000              ,60.742              ,801.600             ,19.500              ,129.065             
80, 17-02-2021 09:21:39, 61.000              ,16.000              ,1379.500            ,4006.800            ,36.000              ,64.453              ,801.600             ,15.700              ,124.857             
80, 17-02-2021 09:21:40, 61.000              ,39.000              ,1379.500            ,4006.800            ,36.000              ,75.784              ,801.600             ,21.600              ,84.983              
80, 17-02-2021 09:21:41, 60.000              ,24.000              ,1379.500            ,4006.800            ,36.000              ,57.323              ,1002.000            ,20.300              ,207.981             
80, 17-02-2021 09:21:42, 61.000              ,24.000              ,1379.500            ,4006.800            ,36.000              ,64.648              ,801.600             ,16.800              ,147.389             
80, 17-02-2021 09:21:43, 61.000              ,24.000              ,1379.500            ,4006.800            ,37.000              ,66.797              ,801.600             ,19.600              ,88.593              
80, 17-02-2021 09:21:44, 61.000              ,12.000              ,1379.500            ,4006.800            ,36.000              ,58.594              ,801.600             ,17.700              ,190.718             
80, 17-02-2021 09:21:45, 61.000              ,32.000              ,1379.500            ,4006.800            ,37.000              ,67.188              ,801.600             ,20.100              ,77.355              
80, 17-02-2021 09:21:46, 61.000              ,39.000              ,1379.500            ,4006.800            ,36.000              ,70.898              ,1002.000            ,24.300              ,56.468              
80, 17-02-2021 09:21:47, 60.000              ,0.000               ,1379.500            ,4006.800            ,36.000              ,48.242              ,1002.000            ,27.700              ,41.380                            
