02, 17-02-2021 09:34:06, GPU temperature     ,GPU usage           ,Core clock          ,Memory clock        ,CPU temperature     ,CPU usage           ,CPU clock           ,Framerate           ,Frametime                       
80, 17-02-2021 09:34:54, 67.000              ,73.000              ,1809.500            ,4006.800            ,54.000              ,44.727              ,4208.401            ,96.000              ,3508.699            
80, 17-02-2021 09:34:55, 67.000              ,80.000              ,1835.000            ,4006.800            ,61.000              ,49.634              ,4208.401            ,84.800              ,74.306              
80, 17-02-2021 09:34:56, 69.000              ,89.000              ,1835.000            ,4006.800            ,59.000              ,42.578              ,4208.402            ,102.800             ,21.237              
80, 17-02-2021 09:34:57, 70.000              ,97.000              ,1822.500            ,4006.800            ,57.000              ,45.313              ,4208.402            ,116.900             ,25.434              
80, 17-02-2021 09:34:58, 71.000              ,98.000              ,1809.500            ,4006.800            ,52.000              ,44.531              ,4208.402            ,110.800             ,34.535              
80, 17-02-2021 09:34:59, 71.000              ,98.000              ,1835.000            ,4006.800            ,57.000              ,44.531              ,4208.402            ,115.200             ,21.126              
80, 17-02-2021 09:35:00, 69.000              ,56.000              ,1835.000            ,4006.800            ,56.000              ,44.727              ,4208.401            ,112.700             ,75.870              
80, 17-02-2021 09:35:01, 71.000              ,89.000              ,1835.000            ,4006.800            ,61.000              ,44.531              ,4208.401            ,79.900              ,49.095              
80, 17-02-2021 09:35:02, 72.000              ,98.000              ,1835.000            ,4006.800            ,58.000              ,44.727              ,4208.401            ,85.100              ,30.805              
80, 17-02-2021 09:35:03, 71.000              ,90.000              ,1835.000            ,4006.800            ,60.000              ,43.750              ,4208.402            ,103.600             ,30.815              
80, 17-02-2021 09:35:04, 72.000              ,96.000              ,1809.500            ,4006.800            ,58.000              ,45.019              ,4208.401            ,103.100             ,68.787              
80, 17-02-2021 09:35:05, 72.000              ,77.000              ,1809.500            ,4006.800            ,56.000              ,45.213              ,4208.401            ,89.700              ,28.805              
80, 17-02-2021 09:35:06, 70.000              ,77.000              ,1835.000            ,4006.800            ,56.000              ,44.531              ,4208.402            ,79.800              ,73.538              
80, 17-02-2021 09:35:07, 73.000              ,98.000              ,1835.000            ,4006.800            ,56.000              ,42.383              ,4208.402            ,91.200              ,29.363              
80, 17-02-2021 09:35:08, 73.000              ,86.000              ,1822.500            ,4006.800            ,55.000              ,43.555              ,4208.401            ,83.900              ,72.668              
80, 17-02-2021 09:35:09, 74.000              ,97.000              ,1809.500            ,4006.800            ,59.000              ,40.625              ,4208.401            ,94.800              ,16.460              
80, 17-02-2021 09:35:10, 74.000              ,96.000              ,1809.500            ,4006.800            ,52.000              ,40.430              ,4208.401            ,113.400             ,18.088              
80, 17-02-2021 09:35:11, 75.000              ,90.000              ,1809.500            ,4006.800            ,53.000              ,39.453              ,4208.402            ,112.900             ,20.188              
80, 17-02-2021 09:35:12, 74.000              ,97.000              ,1809.500            ,4006.800            ,57.000              ,45.313              ,4208.402            ,105.200             ,46.931              
80, 17-02-2021 09:35:13, 73.000              ,74.000              ,1822.500            ,4006.800            ,54.000              ,42.578              ,4208.401            ,90.800              ,26.417              
80, 17-02-2021 09:35:14, 75.000              ,96.000              ,1822.500            ,4006.800            ,59.000              ,44.922              ,4208.402            ,87.500              ,22.929              
80, 17-02-2021 09:35:15, 73.000              ,68.000              ,1822.500            ,4006.800            ,55.000              ,49.023              ,4208.402            ,86.500              ,61.443              
80, 17-02-2021 09:35:16, 76.000              ,98.000              ,1822.500            ,4006.800            ,55.000              ,43.555              ,4208.401            ,97.500              ,24.317              
80, 17-02-2021 09:35:17, 76.000              ,98.000              ,1809.500            ,4006.800            ,57.000              ,44.727              ,4208.401            ,113.100             ,14.726              
80, 17-02-2021 09:35:18, 75.000              ,65.000              ,1809.500            ,4006.800            ,55.000              ,42.969              ,4208.401            ,79.900              ,30.181              
80, 17-02-2021 09:35:19, 76.000              ,72.000              ,1809.500            ,4006.800            ,54.000              ,43.945              ,4208.402            ,89.200              ,19.738              
80, 17-02-2021 09:35:20, 76.000              ,81.000              ,1809.500            ,4006.800            ,53.000              ,40.430              ,4208.402            ,84.800              ,46.983              
80, 17-02-2021 09:35:21, 77.000              ,92.000              ,1797.000            ,4006.800            ,56.000              ,43.750              ,4208.401            ,84.600              ,25.333              
80, 17-02-2021 09:35:22, 77.000              ,92.000              ,1809.500            ,4006.800            ,62.000              ,43.164              ,4208.401            ,86.500              ,21.408              
80, 17-02-2021 09:35:23, 77.000              ,92.000              ,1797.000            ,4006.800            ,57.000              ,45.614              ,4208.401            ,76.900              ,33.456              
80, 17-02-2021 09:35:24, 77.000              ,98.000              ,1809.500            ,4006.800            ,60.000              ,44.828              ,4208.401            ,87.200              ,19.053              
80, 17-02-2021 09:35:25, 77.000              ,92.000              ,1809.500            ,4006.800            ,58.000              ,46.289              ,4208.401            ,77.800              ,41.669              
80, 17-02-2021 09:35:26, 78.000              ,96.000              ,1797.000            ,4006.800            ,58.000              ,39.453              ,4208.401            ,95.100              ,15.882              
80, 17-02-2021 09:35:27, 78.000              ,97.000              ,1797.000            ,4006.800            ,60.000              ,44.727              ,4208.401            ,97.300              ,16.804              
80, 17-02-2021 09:35:28, 78.000              ,71.000              ,1809.500            ,4006.800            ,55.000              ,41.406              ,4208.401            ,83.800              ,23.865              
80, 17-02-2021 09:35:29, 75.000              ,56.000              ,1822.500            ,4006.800            ,64.000              ,43.750              ,4208.401            ,64.400              ,47.630              
80, 17-02-2021 09:35:30, 77.000              ,85.000              ,1809.500            ,4006.800            ,58.000              ,44.531              ,4208.402            ,79.000              ,25.283              
80, 17-02-2021 09:35:31, 78.000              ,94.000              ,1809.500            ,4006.800            ,63.000              ,42.383              ,4208.402            ,105.700             ,22.884              
80, 17-02-2021 09:35:32, 79.000              ,98.000              ,1797.000            ,4006.800            ,60.000              ,46.680              ,4208.401            ,109.400             ,33.413              
80, 17-02-2021 09:35:33, 76.000              ,25.000              ,1797.000            ,4006.800            ,56.000              ,48.242              ,4208.401            ,93.300              ,115.971                           
