02, 17-02-2021 15:17:26, GPU temperature     ,GPU usage           ,Core clock          ,Memory clock        ,CPU temperature     ,CPU usage           ,CPU clock           ,Framerate           ,Frametime           
80, 17-02-2021 15:17:43, 65.000              ,93.000              ,1835.000            ,4006.800            ,59.000              ,20.138              ,1002.001            ,0.000               ,0.000               
80, 17-02-2021 15:17:44, 63.000              ,45.000              ,1835.000            ,4006.800            ,58.000              ,79.238              ,4208.401            ,78.800              ,3265.557            
80, 17-02-2021 15:17:45, 66.000              ,93.000              ,1860.000            ,4006.800            ,61.000              ,83.922              ,4208.401            ,85.800              ,15.334              
80, 17-02-2021 15:17:46, 66.000              ,97.000              ,1835.000            ,4006.800            ,64.000              ,86.133              ,4208.402            ,80.200              ,21.163              
80, 17-02-2021 15:17:47, 67.000              ,97.000              ,1822.500            ,4006.800            ,59.000              ,81.545              ,4208.402            ,82.400              ,16.591              
80, 17-02-2021 15:17:48, 68.000              ,98.000              ,1835.000            ,4006.800            ,61.000              ,87.500              ,4208.401            ,81.100              ,17.272              
80, 17-02-2021 15:17:49, 68.000              ,95.000              ,1860.000            ,4006.800            ,62.000              ,81.055              ,4208.401            ,79.900              ,19.824              
80, 17-02-2021 15:17:50, 67.000              ,84.000              ,1860.000            ,4006.800            ,63.000              ,82.708              ,4208.401            ,81.000              ,17.093              
80, 17-02-2021 15:17:51, 67.000              ,86.000              ,1860.000            ,4006.800            ,62.000              ,87.174              ,4208.401            ,82.100              ,21.521              
80, 17-02-2021 15:17:52, 67.000              ,79.000              ,1860.000            ,4006.800            ,60.000              ,89.844              ,4208.401            ,83.500              ,18.172              
80, 17-02-2021 15:17:53, 67.000              ,85.000              ,1860.000            ,4006.800            ,62.000              ,89.083              ,4208.402            ,86.500              ,18.299              
80, 17-02-2021 15:17:54, 68.000              ,77.000              ,1860.000            ,4006.800            ,62.000              ,87.697              ,4208.402            ,85.900              ,18.187              
80, 17-02-2021 15:17:55, 68.000              ,83.000              ,1860.000            ,4006.800            ,62.000              ,90.473              ,4208.401            ,84.500              ,17.569              
80, 17-02-2021 15:17:56, 68.000              ,88.000              ,1860.000            ,4006.800            ,64.000              ,88.672              ,4208.400            ,82.400              ,20.532              
80, 17-02-2021 15:17:57, 68.000              ,79.000              ,1860.000            ,4006.800            ,62.000              ,89.063              ,4208.400            ,80.700              ,20.671              
80, 17-02-2021 15:17:58, 69.000              ,83.000              ,1860.000            ,4006.800            ,62.000              ,87.889              ,4208.399            ,78.600              ,18.772              
80, 17-02-2021 15:17:59, 69.000              ,87.000              ,1835.000            ,4006.800            ,61.000              ,86.523              ,4208.407            ,76.400              ,20.457              
80, 17-02-2021 15:18:00, 69.000              ,82.000              ,1835.000            ,4006.800            ,63.000              ,87.695              ,4208.402            ,74.500              ,20.070              
80, 17-02-2021 15:18:01, 70.000              ,88.000              ,1835.000            ,4006.800            ,65.000              ,87.305              ,4208.401            ,74.300              ,20.848              
80, 17-02-2021 15:18:02, 70.000              ,88.000              ,1835.000            ,4006.800            ,65.000              ,92.383              ,4208.401            ,73.400              ,20.681              
80, 17-02-2021 15:18:03, 70.000              ,86.000              ,1835.000            ,4006.800            ,63.000              ,89.648              ,4208.401            ,74.100              ,19.073              
80, 17-02-2021 15:18:04, 71.000              ,88.000              ,1835.000            ,4006.800            ,62.000              ,89.480              ,4208.401            ,73.700              ,20.931              
80, 17-02-2021 15:18:05, 71.000              ,91.000              ,1835.000            ,4006.800            ,63.000              ,90.820              ,4208.402            ,73.300              ,29.844              
80, 17-02-2021 15:18:06, 72.000              ,91.000              ,1835.000            ,4006.800            ,60.000              ,90.039              ,4208.402            ,73.600              ,18.457              
80, 17-02-2021 15:18:07, 72.000              ,92.000              ,1835.000            ,4006.800            ,63.000              ,93.079              ,4208.401            ,73.300              ,19.360              
80, 17-02-2021 15:18:08, 72.000              ,89.000              ,1835.000            ,4006.800            ,63.000              ,89.480              ,4208.402            ,70.200              ,24.745              
80, 17-02-2021 15:18:09, 72.000              ,88.000              ,1835.000            ,4006.800            ,65.000              ,91.406              ,4208.402            ,71.700              ,20.455              
80, 17-02-2021 15:18:10, 73.000              ,86.000              ,1835.000            ,4006.800            ,63.000              ,85.774              ,4208.402            ,72.600              ,25.044              
80, 17-02-2021 15:18:11, 73.000              ,86.000              ,1835.000            ,4006.800            ,65.000              ,83.203              ,4208.401            ,70.800              ,20.132              
80, 17-02-2021 15:18:12, 74.000              ,88.000              ,1835.000            ,4006.800            ,65.000              ,85.938              ,4208.401            ,72.600              ,24.792              
80, 17-02-2021 15:18:13, 74.000              ,91.000              ,1822.500            ,4006.800            ,65.000              ,88.281              ,4208.401            ,72.700              ,22.082              
80, 17-02-2021 15:18:14, 75.000              ,91.000              ,1809.500            ,4006.800            ,63.000              ,87.694              ,4208.401            ,77.600              ,19.920              
80, 17-02-2021 15:18:15, 75.000              ,92.000              ,1822.500            ,4006.800            ,64.000              ,89.043              ,4208.401            ,84.800              ,18.419              
80, 17-02-2021 15:18:16, 76.000              ,94.000              ,1822.500            ,4006.800            ,63.000              ,92.188              ,4208.401            ,83.900              ,19.781              
80, 17-02-2021 15:18:17, 76.000              ,94.000              ,1822.500            ,4006.800            ,66.000              ,87.892              ,4208.401            ,80.800              ,18.577              
80, 17-02-2021 15:18:18, 77.000              ,95.000              ,1809.500            ,4006.800            ,62.000              ,91.602              ,4208.401            ,83.400              ,17.094              
80, 17-02-2021 15:18:19, 77.000              ,98.000              ,1809.500            ,4006.800            ,64.000              ,88.672              ,4208.401            ,84.000              ,21.039              
80, 17-02-2021 15:18:20, 77.000              ,97.000              ,1822.500            ,4006.800            ,63.000              ,90.234              ,4208.401            ,82.000              ,18.894              
80, 17-02-2021 15:18:21, 77.000              ,95.000              ,1809.500            ,4006.800            ,63.000              ,87.695              ,4208.401            ,84.200              ,17.121              
80, 17-02-2021 15:18:22, 77.000              ,96.000              ,1809.500            ,4006.800            ,65.000              ,88.477              ,4208.402            ,83.200              ,18.045              
80, 17-02-2021 15:18:23, 78.000              ,97.000              ,1809.500            ,4006.800            ,65.000              ,94.727              ,4208.401            ,80.100              ,18.716              
80, 17-02-2021 15:18:24, 78.000              ,97.000              ,1822.500            ,4006.800            ,64.000              ,90.388              ,4208.401            ,80.400              ,19.198              
80, 17-02-2021 15:18:25, 78.000              ,94.000              ,1809.500            ,4006.800            ,66.000              ,91.465              ,4208.400            ,79.700              ,17.641              
80, 17-02-2021 15:18:26, 78.000              ,95.000              ,1809.500            ,4006.800            ,64.000              ,93.359              ,4208.400            ,78.900              ,16.383              
80, 17-02-2021 15:18:27, 79.000              ,95.000              ,1822.500            ,4006.800            ,65.000              ,89.427              ,4208.404            ,80.000              ,16.504              
80, 17-02-2021 15:18:28, 79.000              ,93.000              ,1809.500            ,4006.800            ,64.000              ,94.442              ,4208.404            ,78.500              ,19.395              
80, 17-02-2021 15:18:29, 79.000              ,95.000              ,1822.500            ,4006.800            ,63.000              ,91.926              ,4208.401            ,79.100              ,17.233              
80, 17-02-2021 15:18:30, 79.000              ,95.000              ,1809.500            ,4006.800            ,66.000              ,90.820              ,4208.401            ,78.800              ,18.544              
80, 17-02-2021 15:18:31, 79.000              ,96.000              ,1822.500            ,4006.800            ,65.000              ,94.727              ,4208.401            ,78.700              ,18.413              
80, 17-02-2021 15:18:32, 80.000              ,94.000              ,1809.500            ,4006.800            ,64.000              ,92.060              ,4208.402            ,77.100              ,17.467              
80, 17-02-2021 15:18:33, 80.000              ,95.000              ,1809.500            ,4006.800            ,65.000              ,91.602              ,4208.402            ,77.500              ,18.793              
80, 17-02-2021 15:18:34, 80.000              ,95.000              ,1809.500            ,4006.800            ,65.000              ,90.625              ,4208.402            ,78.300              ,19.544              
80, 17-02-2021 15:18:35, 80.000              ,89.000              ,1809.500            ,4006.800            ,65.000              ,91.926              ,4208.402            ,73.600              ,18.437              
80, 17-02-2021 15:18:36, 79.000              ,79.000              ,1809.500            ,4006.800            ,65.000              ,88.477              ,4208.402            ,66.200              ,23.751              
80, 17-02-2021 15:18:37, 78.000              ,75.000              ,1809.500            ,4006.800            ,62.000              ,96.081              ,4208.401            ,65.400              ,21.948              
80, 17-02-2021 15:18:38, 78.000              ,76.000              ,1809.500            ,4006.800            ,65.000              ,92.594              ,4208.401            ,66.300              ,23.494              
80, 17-02-2021 15:18:39, 78.000              ,79.000              ,1809.500            ,4006.800            ,64.000              ,95.508              ,4208.400            ,69.500              ,20.995              
80, 17-02-2021 15:18:40, 78.000              ,77.000              ,1809.500            ,4006.800            ,65.000              ,90.820              ,4208.400            ,71.700              ,23.772              
80, 17-02-2021 15:18:41, 78.000              ,76.000              ,1809.500            ,4006.800            ,64.000              ,90.430              ,4208.402            ,70.900              ,21.717              
80, 17-02-2021 15:18:42, 78.000              ,76.000              ,1809.500            ,4006.800            ,63.000              ,94.244              ,4208.402            ,71.400              ,20.310              
80, 17-02-2021 15:18:43, 78.000              ,77.000              ,1809.500            ,4006.800            ,64.000              ,91.734              ,4208.401            ,70.000              ,20.825              
80, 17-02-2021 15:18:44, 78.000              ,78.000              ,1809.500            ,4006.800            ,63.000              ,94.244              ,4208.403            ,68.600              ,22.145              
80, 17-02-2021 15:18:45, 78.000              ,76.000              ,1809.500            ,4006.800            ,67.000              ,91.797              ,4208.403            ,69.900              ,20.286              
80, 17-02-2021 15:18:46, 78.000              ,76.000              ,1809.500            ,4006.800            ,65.000              ,91.406              ,4208.401            ,71.100              ,20.188              
80, 17-02-2021 15:18:47, 78.000              ,74.000              ,1809.500            ,4006.800            ,67.000              ,93.848              ,4208.401            ,70.100              ,19.093              
80, 17-02-2021 15:18:48, 78.000              ,68.000              ,1809.500            ,4006.800            ,65.000              ,87.891              ,4208.404            ,67.600              ,22.034              
80, 17-02-2021 15:18:49, 77.000              ,68.000              ,1809.500            ,4006.800            ,66.000              ,90.039              ,4208.404            ,69.200              ,23.380              
80, 17-02-2021 15:18:50, 77.000              ,64.000              ,1809.500            ,4006.800            ,66.000              ,89.480              ,4208.401            ,69.200              ,27.450              
80, 17-02-2021 15:18:51, 77.000              ,68.000              ,1809.500            ,4006.800            ,63.000              ,93.164              ,4208.401            ,74.900              ,22.912              
80, 17-02-2021 15:18:52, 79.000              ,73.000              ,1809.500            ,4006.800            ,64.000              ,90.430              ,4208.401            ,77.600              ,21.670              
80, 17-02-2021 15:18:53, 79.000              ,78.000              ,1809.500            ,4006.800            ,71.000              ,88.086              ,4208.402            ,74.300              ,24.792              
80, 17-02-2021 15:18:54, 80.000              ,67.000              ,1809.500            ,4006.800            ,65.000              ,93.079              ,4208.402            ,72.900              ,26.884              
80, 17-02-2021 15:18:55, 80.000              ,84.000              ,1809.500            ,4006.800            ,65.000              ,86.914              ,4208.401            ,79.800              ,20.987              
80, 17-02-2021 15:18:56, 80.000              ,82.000              ,1809.500            ,4006.800            ,66.000              ,88.885              ,4208.402            ,79.100              ,18.440              
80, 17-02-2021 15:18:57, 80.000              ,77.000              ,1809.500            ,4006.800            ,67.000              ,92.969              ,4208.402            ,78.400              ,19.961              
80, 17-02-2021 15:18:58, 81.000              ,84.000              ,1809.500            ,4006.800            ,66.000              ,91.542              ,4208.401            ,80.600              ,18.066              
80, 17-02-2021 15:18:59, 81.000              ,78.000              ,1809.500            ,4006.800            ,64.000              ,91.211              ,4208.401            ,80.400              ,20.068              
80, 17-02-2021 15:19:00, 81.000              ,83.000              ,1809.500            ,4006.800            ,66.000              ,92.060              ,4208.401            ,74.800              ,21.490              
80, 17-02-2021 15:19:01, 82.000              ,88.000              ,1797.000            ,4006.800            ,65.000              ,93.464              ,4208.401            ,71.900              ,20.402              
80, 17-02-2021 15:19:02, 81.000              ,91.000              ,1746.500            ,4006.800            ,65.000              ,91.211              ,4208.402            ,71.100              ,19.721              
80, 17-02-2021 15:19:03, 82.000              ,90.000              ,1784.500            ,4006.800            ,67.000              ,88.477              ,4208.402            ,69.500              ,19.804              
80, 17-02-2021 15:19:04, 82.000              ,93.000              ,1759.000            ,4006.800            ,67.000              ,88.488              ,4208.402            ,72.300              ,19.269              
80, 17-02-2021 15:19:05, 82.000              ,89.000              ,1784.500            ,4006.800            ,67.000              ,91.016              ,4208.399            ,70.900              ,19.487              
80, 17-02-2021 15:19:06, 82.000              ,94.000              ,1670.500            ,4006.800            ,66.000              ,90.039              ,4208.399            ,72.900              ,19.795              
80, 17-02-2021 15:19:07, 82.000              ,93.000              ,1759.000            ,4006.800            ,64.000              ,88.672              ,4208.402            ,72.800              ,18.433              
80, 17-02-2021 15:19:08, 82.000              ,86.000              ,1746.500            ,4006.800            ,64.000              ,90.965              ,4208.400            ,67.900              ,20.212              
80, 17-02-2021 15:19:09, 82.000              ,92.000              ,1771.500            ,4006.800            ,65.000              ,88.672              ,4208.403            ,68.500              ,20.480              
80, 17-02-2021 15:19:10, 81.000              ,86.000              ,1683.000            ,4006.800            ,66.000              ,90.234              ,4208.401            ,68.800              ,25.822              
80, 17-02-2021 15:19:11, 82.000              ,82.000              ,1809.500            ,4006.800            ,65.000              ,91.068              ,4208.403            ,71.000              ,21.262              
80, 17-02-2021 15:19:12, 81.000              ,75.000              ,1809.500            ,4006.800            ,65.000              ,92.695              ,4208.403            ,67.900              ,27.597              
80, 17-02-2021 15:19:13, 81.000              ,70.000              ,1809.500            ,4006.800            ,66.000              ,91.211              ,4208.402            ,67.600              ,23.352              
80, 17-02-2021 15:19:14, 82.000              ,78.000              ,1809.500            ,4006.800            ,65.000              ,90.625              ,4208.402            ,74.500              ,20.032              
80, 17-02-2021 15:19:15, 81.000              ,73.000              ,1809.500            ,4006.800            ,66.000              ,88.686              ,4208.401            ,73.500              ,23.467              
80, 17-02-2021 15:19:16, 81.000              ,75.000              ,1809.500            ,4006.800            ,66.000              ,91.602              ,4208.401            ,69.900              ,23.047              
80, 17-02-2021 15:19:17, 82.000              ,79.000              ,1809.500            ,4006.800            ,66.000              ,94.336              ,4208.401            ,77.900              ,19.068              
80, 17-02-2021 15:19:18, 82.000              ,81.000              ,1809.500            ,4006.800            ,66.000              ,90.039              ,4208.401            ,77.300              ,22.394              
80, 17-02-2021 15:19:19, 81.000              ,76.000              ,1809.500            ,4006.800            ,66.000              ,77.701              ,4208.401            ,66.300              ,142.422             
