78.800              
85.800              
80.200              
82.400              
81.100              
79.900              
81.000              
82.100              
83.500              
86.500              
85.900              
84.500              
82.400              
80.700              
78.600              
76.400              
74.500              
74.300              
73.400              
74.100              
73.700              
73.300              
73.600              
73.300              
70.200              
71.700              
72.600              
70.800              
72.600              
72.700              
77.600              
84.800              
83.900              
80.800              
83.400              
84.000              
82.000              
84.200              
83.200              
80.100              
80.400              
79.700              
78.900              
80.000              
78.500              
79.100              
78.800              
78.700              
77.100              
77.500              
78.300              
73.600              
66.200              
65.400              
66.300              
69.500              
71.700              
70.900              
71.400              
70.000              
68.600              
69.900              
71.100              
70.100              
67.600              
69.200              
69.200              
74.900              
77.600              
74.300              
72.900              
79.800              
79.100              
78.400              
80.600              
80.400              
74.800              
71.900              
71.100              
69.500              
72.300              
70.900              
72.900              
72.800              
67.900              
68.500              
68.800              
71.000              
67.900              
67.600              
74.500              
73.500              
69.900              
77.900              
77.300              
66.300              
