53.300              
50.800              
50.900              
51.500              
52.200              
62.500              
64.300              
64.500              
63.800              
60.500              
60.000              
59.100              
57.600              
58.700              
59.400              
55.500              
56.400              
56.000              
55.900              
55.600              
54.900              
55.700              
54.500              
53.200              
52.500              
56.300              
55.900              
53.800              
54.700              
55.000              
55.100              
54.900              
54.900              
54.400              
54.400              
54.000              
54.200              
53.900              
54.100              
54.100              
54.100              
53.900              
53.600              
53.600              
53.600              
53.400              
51.700              
51.600              
55.600              
61.400              
60.700              
61.000              
59.900              
60.600              
60.800              
60.300              
59.400              
56.700              
60.200              
59.200              
65.700              
66.000              
62.400              
65.300              
62.900              
62.300              
63.100              
62.400              
63.500              
63.400              
62.600              
55.900              
51.700              
47.600              
48.000              
51.100              
50.900              
50.400              
50.700              
49.900              
45.700              
50.600              
53.500              
57.100              
60.800              
62.000              
62.100              
61.600              
61.900              
61.500              
58.800              
