147.700             
150.700             
153.800             
149.900             
150.700             
150.200             
149.100             
148.500             
153.900             
146.300             
150.900             
149.900             
148.700             
157.500             
155.600             
146.600             
154.900             
154.900             
154.700             
141.900             
155.100             
155.600             
153.900             
152.300             
151.400             
153.300             
152.900             
150.300             
150.100             
148.900             
150.900             
149.900             
148.900             
151.200             
139.500             
139.700             
147.100             
154.800             
150.700             
150.700             
150.900             
152.400             
149.100             
151.300             
144.600             
151.800             
147.900             
141.200             
161.600             
166.500             
184.700             
182.800             
169.400             
164.600             
162.900             
166.600             
166.900             
164.100             
161.200             
147.600             
140.700             
133.900             
132.000             
132.400             
128.600             
132.500             
131.600             
128.900             
129.500             
134.900             
140.500             
146.000             
143.300             
150.900             
150.000             
151.900             
150.400             
149.700             
123.600             
