43.900              
49.800              
53.900              
52.600              
50.500              
49.900              
50.700              
51.600              
60.200              
61.500              
61.800              
64.800              
65.500              
65.000              
60.500              
62.900              
62.400              
59.700              
58.200              
57.900              
57.200              
58.100              
58.200              
54.600              
55.100              
55.300              
54.900              
55.000              
57.400              
54.800              
53.500              
52.600              
52.600              
56.000              
55.200              
53.800              
54.200              
54.500              
54.900              
54.300              
54.500              
54.800              
54.300              
54.200              
53.800              
53.900              
54.000              
54.200              
53.900              
53.200              
53.600              
53.200              
53.200              
52.800              
50.700              
51.100              
54.800              
60.500              
60.400              
59.400              
60.300              
59.900              
60.300              
59.700              
59.400              
59.500              
59.700              
57.400              
62.100              
64.300              
68.400              
65.200              
63.300              
62.800              
62.500              
62.900              
63.000              
62.900              
62.000              
56.900              
51.500              
48.000              
45.100              
50.600              
49.300              
49.500              
50.100              
49.300              
44.300              
48.400              
51.700              
56.400              
59.000              
60.300              
59.700              
60.400              
60.100              
60.500              
59.600              
