54.000              
59.200              
63.400              
62.700              
66.400              
67.100              
66.400              
65.300              
63.800              
63.100              
61.200              
60.000              
59.400              
57.900              
58.900              
58.900              
55.400              
56.100              
56.500              
55.500              
55.500              
54.400              
51.800              
54.700              
53.200              
52.600              
56.600              
56.600              
51.400              
53.600              
54.700              
55.100              
54.400              
54.700              
54.100              
54.500              
54.600              
53.700              
53.900              
53.100              
54.100              
53.800              
54.200              
53.800              
53.100              
53.600              
53.500              
51.300              
51.700              
54.300              
60.500              
61.300              
60.700              
61.000              
59.900              
60.400              
60.300              
60.600              
60.200              
59.500              
59.600              
62.900              
65.900              
68.900              
65.800              
64.800              
62.400              
63.300              
62.900              
62.400              
63.400              
62.800              
57.900              
52.800              
48.700              
46.300              
51.000              
51.300              
51.300              
49.600              
50.100              
45.500              
48.900              
51.900              
56.800              
59.900              
60.200              
61.200              
61.100              
60.800              
60.400              
58.900              
27.500              
59.900              
