02, 17-02-2021 15:02:19, GPU temperature     ,GPU usage           ,Core clock          ,Memory clock        ,CPU temperature     ,CPU usage           ,CPU clock           ,Framerate           ,Frametime           
80, 17-02-2021 15:05:10, 59.000              ,99.000              ,1797.000            ,4006.800            ,52.000              ,59.961              ,4208.402            ,53.300              ,48505.645           
80, 17-02-2021 15:05:11, 59.000              ,99.000              ,1784.500            ,4006.800            ,47.000              ,58.594              ,4208.402            ,50.800              ,20.568              
80, 17-02-2021 15:05:12, 60.000              ,99.000              ,1797.000            ,4006.800            ,53.000              ,54.492              ,4208.402            ,50.900              ,21.983              
80, 17-02-2021 15:05:13, 61.000              ,99.000              ,1809.500            ,4006.800            ,44.000              ,58.203              ,4208.402            ,51.500              ,25.326              
80, 17-02-2021 15:05:14, 61.000              ,97.000              ,1822.500            ,4006.800            ,50.000              ,63.672              ,4208.400            ,52.200              ,24.198              
80, 17-02-2021 15:05:15, 61.000              ,99.000              ,1847.500            ,4006.800            ,57.000              ,73.633              ,4208.400            ,62.500              ,22.871              
80, 17-02-2021 15:05:21, 63.000              ,98.000              ,1847.500            ,4006.800            ,56.000              ,68.945              ,4208.402            ,64.300              ,20.572              
80, 17-02-2021 15:05:22, 64.000              ,98.000              ,1835.000            ,4006.800            ,54.000              ,55.340              ,4208.402            ,64.500              ,18.202              
80, 17-02-2021 15:05:23, 64.000              ,99.000              ,1847.500            ,4006.800            ,54.000              ,95.703              ,4208.401            ,63.800              ,17.245              
80, 17-02-2021 15:05:24, 65.000              ,99.000              ,1847.500            ,4006.800            ,57.000              ,76.367              ,4208.402            ,60.500              ,19.364              
80, 17-02-2021 15:05:25, 65.000              ,98.000              ,1847.500            ,4006.800            ,58.000              ,75.544              ,4208.402            ,60.000              ,18.436              
80, 17-02-2021 15:05:26, 65.000              ,98.000              ,1860.000            ,4006.800            ,54.000              ,79.683              ,4208.401            ,59.100              ,18.730              
80, 17-02-2021 15:05:27, 65.000              ,99.000              ,1822.500            ,4006.800            ,59.000              ,72.266              ,4208.401            ,57.600              ,23.227              
80, 17-02-2021 15:05:28, 66.000              ,96.000              ,1822.500            ,4006.800            ,55.000              ,75.387              ,4208.402            ,58.700              ,23.692              
80, 17-02-2021 15:05:29, 66.000              ,98.000              ,1809.500            ,4006.800            ,52.000              ,73.633              ,4208.402            ,59.400              ,18.623              
80, 17-02-2021 15:05:30, 67.000              ,99.000              ,1809.500            ,4006.800            ,56.000              ,75.781              ,4208.402            ,55.500              ,21.211              
80, 17-02-2021 15:05:31, 67.000              ,99.000              ,1809.500            ,4006.800            ,49.000              ,75.394              ,4208.401            ,56.400              ,19.648              
80, 17-02-2021 15:05:32, 67.000              ,99.000              ,1797.000            ,4006.800            ,58.000              ,71.484              ,4208.401            ,56.000              ,20.111              
80, 17-02-2021 15:05:33, 67.000              ,99.000              ,1809.500            ,4006.800            ,57.000              ,71.815              ,4208.401            ,55.900              ,20.002              
80, 17-02-2021 15:05:34, 68.000              ,99.000              ,1809.500            ,4006.800            ,53.000              ,79.297              ,4208.401            ,55.600              ,21.816              
80, 17-02-2021 15:05:35, 67.000              ,74.000              ,1784.500            ,4006.800            ,51.000              ,73.438              ,4208.402            ,54.900              ,70.199              
80, 17-02-2021 15:05:36, 68.000              ,97.000              ,1784.500            ,4006.800            ,57.000              ,74.219              ,4208.401            ,55.700              ,20.684              
80, 17-02-2021 15:05:37, 69.000              ,99.000              ,1784.500            ,4006.800            ,53.000              ,72.461              ,4208.401            ,54.500              ,19.527              
80, 17-02-2021 15:05:38, 69.000              ,99.000              ,1835.000            ,4006.800            ,49.000              ,72.126              ,4208.402            ,53.200              ,19.853              
80, 17-02-2021 15:05:39, 69.000              ,98.000              ,1809.500            ,4006.800            ,56.000              ,64.453              ,4208.402            ,52.500              ,21.856              
80, 17-02-2021 15:05:40, 70.000              ,99.000              ,1784.500            ,4006.800            ,57.000              ,66.058              ,4208.401            ,56.300              ,23.373              
80, 17-02-2021 15:05:41, 70.000              ,98.000              ,1809.500            ,4006.800            ,54.000              ,59.246              ,4208.403            ,55.900              ,20.170              
80, 17-02-2021 15:05:42, 70.000              ,99.000              ,1835.000            ,4006.800            ,55.000              ,61.847              ,4208.403            ,53.800              ,22.182              
80, 17-02-2021 15:05:43, 71.000              ,99.000              ,1809.500            ,4006.800            ,55.000              ,63.129              ,4208.401            ,54.700              ,20.264              
80, 17-02-2021 15:05:44, 71.000              ,98.000              ,1809.500            ,4006.800            ,54.000              ,63.475              ,4208.402            ,55.000              ,21.226              
80, 17-02-2021 15:05:45, 71.000              ,99.000              ,1784.500            ,4006.800            ,53.000              ,58.398              ,4208.399            ,55.100              ,18.877              
80, 17-02-2021 15:05:46, 72.000              ,99.000              ,1784.500            ,4006.800            ,55.000              ,59.310              ,4208.399            ,54.900              ,21.266              
80, 17-02-2021 15:05:47, 72.000              ,99.000              ,1784.500            ,4006.800            ,52.000              ,62.305              ,4208.402            ,54.900              ,19.183              
80, 17-02-2021 15:05:48, 72.000              ,97.000              ,1784.500            ,4006.800            ,54.000              ,61.133              ,4208.402            ,54.400              ,22.072              
80, 17-02-2021 15:05:49, 72.000              ,99.000              ,1771.500            ,4006.800            ,48.000              ,63.672              ,4208.402            ,54.400              ,20.608              
80, 17-02-2021 15:05:50, 73.000              ,99.000              ,1797.000            ,4006.800            ,56.000              ,69.050              ,4208.401            ,54.000              ,21.377              
80, 17-02-2021 15:05:51, 73.000              ,99.000              ,1784.500            ,4006.800            ,56.000              ,62.684              ,4208.401            ,54.200              ,18.971              
80, 17-02-2021 15:05:52, 73.000              ,99.000              ,1797.000            ,4006.800            ,56.000              ,69.922              ,4208.401            ,53.900              ,19.702              
80, 17-02-2021 15:05:53, 73.000              ,99.000              ,1784.500            ,4006.800            ,55.000              ,64.063              ,4208.401            ,54.100              ,20.958              
80, 17-02-2021 15:05:54, 73.000              ,99.000              ,1784.500            ,4006.800            ,59.000              ,60.156              ,4208.402            ,54.100              ,20.329              
80, 17-02-2021 15:05:55, 74.000              ,99.000              ,1771.500            ,4006.800            ,56.000              ,66.359              ,4208.402            ,54.100              ,21.540              
80, 17-02-2021 15:05:56, 74.000              ,97.000              ,1784.500            ,4006.800            ,54.000              ,65.430              ,4208.402            ,53.900              ,21.003              
80, 17-02-2021 15:05:57, 74.000              ,99.000              ,1784.500            ,4006.800            ,56.000              ,68.440              ,4208.402            ,53.600              ,19.732              
80, 17-02-2021 15:05:58, 74.000              ,99.000              ,1784.500            ,4006.800            ,52.000              ,64.844              ,4208.401            ,53.600              ,22.135              
80, 17-02-2021 15:05:59, 75.000              ,99.000              ,1784.500            ,4006.800            ,52.000              ,71.741              ,4208.401            ,53.600              ,20.938              
80, 17-02-2021 15:06:00, 75.000              ,99.000              ,1822.500            ,4006.800            ,58.000              ,71.875              ,4208.401            ,53.400              ,20.023              
80, 17-02-2021 15:06:01, 75.000              ,99.000              ,1822.500            ,4006.800            ,53.000              ,73.601              ,4208.401            ,51.700              ,21.038              
80, 17-02-2021 15:06:02, 75.000              ,97.000              ,1784.500            ,4006.800            ,59.000              ,81.545              ,4208.401            ,51.600              ,23.258              
80, 17-02-2021 15:06:03, 75.000              ,97.000              ,1822.500            ,4006.800            ,59.000              ,81.750              ,4208.402            ,55.600              ,21.676              
80, 17-02-2021 15:06:04, 76.000              ,99.000              ,1822.500            ,4006.800            ,61.000              ,76.267              ,4208.399            ,61.400              ,18.241              
80, 17-02-2021 15:06:05, 76.000              ,99.000              ,1809.500            ,4006.800            ,59.000              ,80.945              ,4208.399            ,60.700              ,21.156              
80, 17-02-2021 15:06:06, 76.000              ,99.000              ,1797.000            ,4006.800            ,57.000              ,83.008              ,4208.403            ,61.000              ,18.743              
80, 17-02-2021 15:06:07, 77.000              ,99.000              ,1809.500            ,4006.800            ,59.000              ,80.392              ,4208.403            ,59.900              ,19.364              
80, 17-02-2021 15:06:08, 77.000              ,98.000              ,1809.500            ,4006.800            ,57.000              ,84.961              ,4208.401            ,60.600              ,23.509              
80, 17-02-2021 15:06:09, 77.000              ,99.000              ,1822.500            ,4006.800            ,58.000              ,78.125              ,4208.403            ,60.800              ,18.711              
80, 17-02-2021 15:06:10, 77.000              ,98.000              ,1809.500            ,4006.800            ,58.000              ,79.953              ,4208.401            ,60.300              ,20.758              
80, 17-02-2021 15:06:11, 77.000              ,99.000              ,1797.000            ,4006.800            ,54.000              ,85.742              ,4208.401            ,59.400              ,21.655              
80, 17-02-2021 15:06:12, 77.000              ,95.000              ,1809.500            ,4006.800            ,57.000              ,89.844              ,4208.401            ,56.700              ,25.719              
80, 17-02-2021 15:06:13, 78.000              ,99.000              ,1809.500            ,4006.800            ,60.000              ,83.203              ,4208.398            ,60.200              ,18.792              
80, 17-02-2021 15:06:14, 77.000              ,94.000              ,1809.500            ,4006.800            ,62.000              ,78.662              ,4208.398            ,59.200              ,24.310              
80, 17-02-2021 15:06:15, 78.000              ,98.000              ,1822.500            ,4006.800            ,58.000              ,81.836              ,4208.404            ,65.700              ,21.227              
80, 17-02-2021 15:06:16, 78.000              ,94.000              ,1822.500            ,4006.800            ,55.000              ,83.327              ,4208.400            ,66.000              ,20.810              
80, 17-02-2021 15:06:17, 77.000              ,66.000              ,1809.500            ,4006.800            ,65.000              ,93.945              ,4208.400            ,62.400              ,39.827              
80, 17-02-2021 15:06:18, 79.000              ,99.000              ,1797.000            ,4006.800            ,53.000              ,85.547              ,4208.401            ,65.300              ,20.748              
80, 17-02-2021 15:06:19, 79.000              ,97.000              ,1797.000            ,4006.800            ,55.000              ,85.352              ,4208.401            ,62.900              ,21.679              
80, 17-02-2021 15:06:20, 79.000              ,98.000              ,1784.500            ,4006.800            ,55.000              ,93.945              ,4208.402            ,62.300              ,18.579              
80, 17-02-2021 15:06:21, 79.000              ,99.000              ,1797.000            ,4006.800            ,59.000              ,69.727              ,4208.401            ,63.100              ,18.574              
80, 17-02-2021 15:06:22, 79.000              ,98.000              ,1771.500            ,4006.800            ,56.000              ,74.433              ,4208.401            ,62.400              ,22.862              
80, 17-02-2021 15:06:23, 79.000              ,99.000              ,1771.500            ,4006.800            ,56.000              ,96.289              ,4208.401            ,63.500              ,17.725              
80, 17-02-2021 15:06:24, 79.000              ,99.000              ,1784.500            ,4006.800            ,58.000              ,89.031              ,4208.401            ,63.400              ,20.748              
80, 17-02-2021 15:06:25, 80.000              ,98.000              ,1771.500            ,4006.800            ,59.000              ,84.188              ,4208.401            ,62.600              ,18.514              
80, 17-02-2021 15:06:26, 80.000              ,99.000              ,1746.500            ,4006.800            ,58.000              ,70.117              ,4208.401            ,55.900              ,20.453              
80, 17-02-2021 15:06:27, 80.000              ,99.000              ,1746.500            ,4006.800            ,52.000              ,68.473              ,4208.402            ,51.700              ,20.821              
80, 17-02-2021 15:06:28, 80.000              ,99.000              ,1746.500            ,4006.800            ,52.000              ,66.455              ,4208.402            ,47.600              ,22.482              
80, 17-02-2021 15:06:29, 80.000              ,98.000              ,1784.500            ,4006.800            ,58.000              ,67.320              ,4208.401            ,48.000              ,25.314              
80, 17-02-2021 15:06:30, 81.000              ,97.000              ,1822.500            ,4006.800            ,56.000              ,66.058              ,4208.401            ,51.100              ,22.131              
80, 17-02-2021 15:06:31, 81.000              ,99.000              ,1771.500            ,4006.800            ,54.000              ,66.992              ,4208.401            ,50.900              ,22.055              
80, 17-02-2021 15:06:32, 81.000              ,99.000              ,1822.500            ,4006.800            ,59.000              ,67.969              ,4208.401            ,50.400              ,22.374              
80, 17-02-2021 15:06:33, 81.000              ,99.000              ,1809.500            ,4006.800            ,58.000              ,65.974              ,4208.402            ,50.700              ,20.914              
80, 17-02-2021 15:06:34, 81.000              ,99.000              ,1822.500            ,4006.800            ,60.000              ,68.359              ,4208.402            ,49.900              ,21.769              
80, 17-02-2021 15:06:35, 81.000              ,97.000              ,1809.500            ,4006.800            ,54.000              ,62.500              ,4208.401            ,45.700              ,23.725              
80, 17-02-2021 15:06:36, 81.000              ,99.000              ,1784.500            ,4006.800            ,50.000              ,71.418              ,4208.400            ,50.600              ,21.168              
80, 17-02-2021 15:06:37, 81.000              ,97.000              ,1771.500            ,4006.800            ,59.000              ,73.047              ,4208.403            ,53.500              ,21.826              
80, 17-02-2021 15:06:38, 81.000              ,98.000              ,1771.500            ,4006.800            ,60.000              ,78.906              ,4208.403            ,57.100              ,27.172              
80, 17-02-2021 15:06:39, 82.000              ,99.000              ,1797.000            ,4006.800            ,60.000              ,69.434              ,4208.401            ,60.800              ,19.473              
80, 17-02-2021 15:06:40, 82.000              ,99.000              ,1797.000            ,4006.800            ,52.000              ,66.797              ,4208.400            ,62.000              ,19.086              
80, 17-02-2021 15:06:41, 82.000              ,99.000              ,1784.500            ,4006.800            ,55.000              ,78.125              ,4208.400            ,62.100              ,19.541              
80, 17-02-2021 15:06:42, 82.000              ,99.000              ,1797.000            ,4006.800            ,60.000              ,75.781              ,4208.401            ,61.600              ,18.774              
80, 17-02-2021 15:06:43, 82.000              ,99.000              ,1784.500            ,4006.800            ,57.000              ,67.845              ,4208.402            ,61.900              ,17.119              
80, 17-02-2021 15:06:44, 82.000              ,99.000              ,1771.500            ,4006.800            ,60.000              ,76.563              ,4208.402            ,61.500              ,19.255              
80, 17-02-2021 15:06:45, 76.000              ,21.000              ,1771.500            ,4006.800            ,56.000              ,57.422              ,4208.402            ,58.800              ,42.017                           
