
02, 17-02-2021 15:11:43, GPU temperature     ,GPU usage           ,Core clock          ,Memory clock        ,CPU temperature     ,CPU usage           ,CPU clock           ,Framerate           ,Frametime            
80, 17-02-2021 15:12:29, 62.000              ,88.000              ,1860.000            ,4006.800            ,41.000              ,98.828              ,1803.600            ,43.900              ,8612.539            
80, 17-02-2021 15:12:30, 63.000              ,95.000              ,1797.000            ,4006.800            ,41.000              ,91.016              ,2004.000            ,49.800              ,32.836              
80, 17-02-2021 15:12:31, 65.000              ,95.000              ,1822.500            ,4006.800            ,43.000              ,82.314              ,2404.801            ,53.900              ,25.248              
80, 17-02-2021 15:12:32, 65.000              ,99.000              ,1809.500            ,4006.800            ,42.000              ,68.359              ,2605.201            ,52.600              ,21.534              
80, 17-02-2021 15:12:33, 66.000              ,98.000              ,1835.000            ,4006.800            ,42.000              ,73.800              ,2605.201            ,50.500              ,22.129              
80, 17-02-2021 15:12:34, 67.000              ,98.000              ,1822.500            ,4006.800            ,42.000              ,79.883              ,2605.201            ,49.900              ,31.137              
80, 17-02-2021 15:12:35, 68.000              ,98.000              ,1835.000            ,4006.800            ,43.000              ,74.625              ,2605.201            ,50.700              ,21.606              
80, 17-02-2021 15:12:36, 67.000              ,99.000              ,1822.500            ,4006.800            ,43.000              ,80.548              ,2605.201            ,51.600              ,25.242              
80, 17-02-2021 15:12:37, 67.000              ,97.000              ,1835.000            ,4006.800            ,44.000              ,85.938              ,2605.201            ,60.200              ,22.109              
80, 17-02-2021 15:12:38, 68.000              ,98.000              ,1847.500            ,4006.800            ,47.000              ,91.406              ,3006.001            ,61.500              ,20.069              
80, 17-02-2021 15:12:39, 68.000              ,99.000              ,1835.000            ,4006.800            ,44.000              ,79.297              ,3006.001            ,61.800              ,18.974              
80, 17-02-2021 15:12:40, 68.000              ,96.000              ,1835.000            ,4006.800            ,45.000              ,88.693              ,3006.001            ,64.800              ,20.914              
80, 17-02-2021 15:12:41, 69.000              ,98.000              ,1835.000            ,4006.800            ,45.000              ,72.593              ,3206.401            ,65.500              ,22.721              
80, 17-02-2021 15:12:42, 69.000              ,98.000              ,1835.000            ,4006.800            ,46.000              ,83.984              ,3206.402            ,65.000              ,21.859              
80, 17-02-2021 15:12:43, 69.000              ,97.000              ,1835.000            ,4006.800            ,49.000              ,69.627              ,3206.402            ,60.500              ,45.462              
80, 17-02-2021 15:12:44, 70.000              ,97.000              ,1835.000            ,4006.800            ,50.000              ,83.789              ,3406.800            ,62.900              ,21.673              
80, 17-02-2021 15:12:45, 70.000              ,99.000              ,1809.500            ,4006.800            ,51.000              ,78.125              ,3607.200            ,62.400              ,19.407              
80, 17-02-2021 15:12:46, 70.000              ,98.000              ,1809.500            ,4006.800            ,49.000              ,82.533              ,3607.202            ,59.700              ,23.532              
80, 17-02-2021 15:12:47, 71.000              ,96.000              ,1822.500            ,4006.800            ,52.000              ,84.429              ,3607.204            ,58.200              ,26.655              
80, 17-02-2021 15:12:48, 71.000              ,98.000              ,1809.500            ,4006.800            ,52.000              ,82.533              ,3607.200            ,57.900              ,19.234              
80, 17-02-2021 15:12:49, 71.000              ,99.000              ,1797.000            ,4006.800            ,52.000              ,79.297              ,3607.200            ,57.200              ,21.354              
80, 17-02-2021 15:12:50, 72.000              ,98.000              ,1809.500            ,4006.800            ,53.000              ,77.930              ,3607.202            ,58.100              ,21.979              
80, 17-02-2021 15:12:51, 72.000              ,99.000              ,1797.000            ,4006.800            ,52.000              ,84.180              ,3607.202            ,58.200              ,19.235              
80, 17-02-2021 15:12:52, 72.000              ,99.000              ,1784.500            ,4006.800            ,50.000              ,78.325              ,3607.200            ,54.600              ,25.635              
80, 17-02-2021 15:12:53, 73.000              ,97.000              ,1771.500            ,4006.800            ,51.000              ,84.021              ,3607.203            ,55.100              ,20.175              
80, 17-02-2021 15:12:54, 73.000              ,98.000              ,1809.500            ,4006.800            ,48.000              ,84.375              ,3607.203            ,55.300              ,24.314              
80, 17-02-2021 15:12:55, 74.000              ,96.000              ,1759.000            ,4006.800            ,52.000              ,76.953              ,3607.202            ,54.900              ,22.277              
80, 17-02-2021 15:12:56, 74.000              ,97.000              ,1784.500            ,4006.800            ,52.000              ,75.000              ,3607.198            ,55.000              ,20.351              
80, 17-02-2021 15:12:57, 74.000              ,99.000              ,1746.500            ,4006.800            ,51.000              ,77.930              ,3607.198            ,57.400              ,20.039              
80, 17-02-2021 15:12:58, 74.000              ,98.000              ,1784.500            ,4006.800            ,53.000              ,86.736              ,3607.203            ,54.800              ,27.390              
80, 17-02-2021 15:12:59, 75.000              ,99.000              ,1771.500            ,4006.800            ,53.000              ,83.327              ,3607.199            ,53.500              ,26.850              
80, 17-02-2021 15:13:00, 75.000              ,99.000              ,1771.500            ,4006.800            ,52.000              ,76.932              ,3607.199            ,52.600              ,23.819              
80, 17-02-2021 15:13:01, 75.000              ,99.000              ,1759.000            ,4006.800            ,48.000              ,71.875              ,3607.202            ,52.600              ,19.879              
80, 17-02-2021 15:13:02, 75.000              ,98.000              ,1771.500            ,4006.800            ,50.000              ,66.257              ,3607.202            ,56.000              ,26.103              
80, 17-02-2021 15:13:03, 75.000              ,98.000              ,1759.000            ,4006.800            ,49.000              ,71.741              ,3607.202            ,55.200              ,20.597              
80, 17-02-2021 15:13:04, 76.000              ,97.000              ,1771.500            ,4006.800            ,51.000              ,70.336              ,3607.202            ,53.800              ,21.205              
80, 17-02-2021 15:13:05, 76.000              ,99.000              ,1822.500            ,4006.800            ,50.000              ,71.573              ,3607.201            ,54.200              ,20.201              
80, 17-02-2021 15:13:06, 76.000              ,98.000              ,1784.500            ,4006.800            ,49.000              ,63.477              ,3607.201            ,54.500              ,22.310              
80, 17-02-2021 15:13:07, 77.000              ,98.000              ,1809.500            ,4006.800            ,49.000              ,65.782              ,3607.201            ,54.900              ,18.977              
80, 17-02-2021 15:13:08, 77.000              ,98.000              ,1784.500            ,4006.800            ,51.000              ,62.486              ,3607.202            ,54.300              ,19.280              
80, 17-02-2021 15:13:09, 77.000              ,98.000              ,1759.000            ,4006.800            ,46.000              ,71.484              ,3607.201            ,54.500              ,20.193              
80, 17-02-2021 15:13:10, 77.000              ,99.000              ,1784.500            ,4006.800            ,48.000              ,72.266              ,3607.201            ,54.800              ,19.135              
80, 17-02-2021 15:13:11, 78.000              ,99.000              ,1771.500            ,4006.800            ,46.000              ,68.945              ,3607.201            ,54.300              ,20.384              
80, 17-02-2021 15:13:12, 78.000              ,99.000              ,1771.500            ,4006.800            ,46.000              ,67.512              ,3607.201            ,54.200              ,20.575              
80, 17-02-2021 15:13:13, 78.000              ,98.000              ,1784.500            ,4006.800            ,53.000              ,69.336              ,3607.202            ,53.800              ,21.155              
80, 17-02-2021 15:13:14, 78.000              ,99.000              ,1759.000            ,4006.800            ,51.000              ,67.773              ,3607.202            ,53.900              ,20.353              
80, 17-02-2021 15:13:15, 78.000              ,99.000              ,1759.000            ,4006.800            ,53.000              ,71.094              ,3607.202            ,54.000              ,19.503              
80, 17-02-2021 15:13:16, 79.000              ,99.000              ,1746.500            ,4006.800            ,48.000              ,72.852              ,3607.201            ,54.200              ,20.773              
80, 17-02-2021 15:13:17, 79.000              ,99.000              ,1759.000            ,4006.800            ,52.000              ,69.433              ,3607.201            ,53.900              ,19.368              
80, 17-02-2021 15:13:18, 79.000              ,99.000              ,1771.500            ,4006.800            ,46.000              ,71.680              ,3607.202            ,53.200              ,21.888              
80, 17-02-2021 15:13:19, 79.000              ,99.000              ,1784.500            ,4006.800            ,53.000              ,75.781              ,3607.201            ,53.600              ,20.129              
80, 17-02-2021 15:13:20, 80.000              ,99.000              ,1759.000            ,4006.800            ,52.000              ,77.734              ,3607.202            ,53.200              ,20.912              
80, 17-02-2021 15:13:21, 80.000              ,99.000              ,1771.500            ,4006.800            ,50.000              ,72.702              ,3607.202            ,53.200              ,20.762              
80, 17-02-2021 15:13:22, 80.000              ,97.000              ,1759.000            ,4006.800            ,53.000              ,72.609              ,3607.202            ,52.800              ,22.257              
80, 17-02-2021 15:13:23, 81.000              ,97.000              ,1797.000            ,4006.800            ,50.000              ,73.828              ,3607.201            ,50.700              ,21.908              
80, 17-02-2021 15:13:24, 80.000              ,98.000              ,1784.500            ,4006.800            ,51.000              ,79.297              ,3607.201            ,51.100              ,21.827              
80, 17-02-2021 15:13:25, 81.000              ,99.000              ,1797.000            ,4006.800            ,54.000              ,84.961              ,3607.201            ,54.800              ,24.780              
80, 17-02-2021 15:13:26, 81.000              ,99.000              ,1809.500            ,4006.800            ,54.000              ,86.523              ,3807.601            ,60.500              ,21.284              
80, 17-02-2021 15:13:27, 81.000              ,97.000              ,1784.500            ,4006.800            ,52.000              ,80.776              ,3807.602            ,60.400              ,18.429              
80, 17-02-2021 15:13:28, 81.000              ,98.000              ,1809.500            ,4006.800            ,58.000              ,87.305              ,3807.601            ,59.400              ,20.546              
80, 17-02-2021 15:13:29, 81.000              ,99.000              ,1771.500            ,4006.800            ,58.000              ,78.320              ,4008.001            ,60.300              ,19.915              
80, 17-02-2021 15:13:30, 81.000              ,98.000              ,1797.000            ,4006.800            ,56.000              ,82.732              ,4008.001            ,59.900              ,21.532              
80, 17-02-2021 15:13:31, 81.000              ,99.000              ,1797.000            ,4006.800            ,59.000              ,85.352              ,4008.001            ,60.300              ,19.180              
80, 17-02-2021 15:13:32, 82.000              ,99.000              ,1809.500            ,4006.800            ,54.000              ,80.392              ,4008.002            ,59.700              ,20.069              
80, 17-02-2021 15:13:33, 82.000              ,98.000              ,1784.500            ,4006.800            ,55.000              ,80.859              ,4008.001            ,59.400              ,23.355              
80, 17-02-2021 15:13:34, 82.000              ,99.000              ,1797.000            ,4006.800            ,59.000              ,78.166              ,4008.001            ,59.500              ,21.728              
80, 17-02-2021 15:13:35, 82.000              ,98.000              ,1797.000            ,4006.800            ,56.000              ,78.516              ,4007.999            ,59.700              ,22.085              
80, 17-02-2021 15:13:36, 82.000              ,92.000              ,1809.500            ,4006.800            ,61.000              ,85.938              ,4008.005            ,57.400              ,22.974              
80, 17-02-2021 15:13:37, 82.000              ,97.000              ,1797.000            ,4006.800            ,64.000              ,89.811              ,4208.405            ,62.100              ,28.109              
80, 17-02-2021 15:13:38, 83.000              ,97.000              ,1797.000            ,4006.800            ,59.000              ,89.648              ,4208.401            ,64.300              ,23.305              
80, 17-02-2021 15:13:39, 82.000              ,97.000              ,1759.000            ,4006.800            ,60.000              ,85.067              ,4208.401            ,68.400              ,19.114              
80, 17-02-2021 15:13:40, 82.000              ,99.000              ,1733.500            ,4006.800            ,53.000              ,80.851              ,4208.403            ,65.200              ,21.022              
80, 17-02-2021 15:13:41, 82.000              ,99.000              ,1759.000            ,4006.800            ,55.000              ,81.250              ,4008.001            ,63.300              ,19.958              
80, 17-02-2021 15:13:42, 82.000              ,99.000              ,1733.500            ,4006.800            ,52.000              ,83.984              ,4008.001            ,62.800              ,17.277              
80, 17-02-2021 15:13:43, 82.000              ,98.000              ,1733.500            ,4006.800            ,54.000              ,63.475              ,4008.001            ,62.500              ,16.693              
80, 17-02-2021 15:13:44, 82.000              ,98.000              ,1746.500            ,4006.800            ,58.000              ,83.922              ,4008.000            ,62.900              ,18.100              
80, 17-02-2021 15:13:45, 82.000              ,99.000              ,1733.500            ,4006.800            ,54.000              ,66.406              ,4008.000            ,63.000              ,17.975              
80, 17-02-2021 15:13:46, 82.000              ,99.000              ,1721.000            ,4006.800            ,59.000              ,86.736              ,4008.002            ,62.900              ,19.240              
80, 17-02-2021 15:13:47, 82.000              ,99.000              ,1733.500            ,4006.800            ,54.000              ,89.453              ,4208.401            ,62.000              ,20.693              
80, 17-02-2021 15:13:48, 83.000              ,98.000              ,1746.500            ,4006.800            ,54.000              ,69.336              ,4008.001            ,56.900              ,19.556              
80, 17-02-2021 15:13:49, 83.000              ,99.000              ,1721.000            ,4006.800            ,51.000              ,72.609              ,4008.001            ,51.500              ,21.695              
80, 17-02-2021 15:13:50, 82.000              ,99.000              ,1657.500            ,4006.800            ,55.000              ,69.922              ,4008.001            ,48.000              ,22.776              
80, 17-02-2021 15:13:51, 82.000              ,99.000              ,1683.000            ,4006.800            ,54.000              ,64.258              ,4008.001            ,45.100              ,25.294              
80, 17-02-2021 15:13:52, 82.000              ,99.000              ,1759.000            ,4006.800            ,51.000              ,66.743              ,4208.401            ,50.600              ,22.965              
80, 17-02-2021 15:13:53, 82.000              ,99.000              ,1695.500            ,4006.800            ,59.000              ,71.875              ,4008.002            ,49.300              ,22.454              
80, 17-02-2021 15:13:54, 82.000              ,99.000              ,1683.000            ,4006.800            ,58.000              ,75.586              ,4008.000            ,49.500              ,21.399              
80, 17-02-2021 15:13:55, 82.000              ,98.000              ,1670.500            ,4006.800            ,51.000              ,67.773              ,4008.000            ,50.100              ,21.614              
80, 17-02-2021 15:13:56, 83.000              ,98.000              ,1708.500            ,4006.800            ,50.000              ,63.672              ,4008.002            ,49.300              ,21.319              
80, 17-02-2021 15:13:57, 82.000              ,99.000              ,1645.000            ,4006.800            ,52.000              ,63.859              ,4008.001            ,44.300              ,23.663              
80, 17-02-2021 15:13:58, 82.000              ,99.000              ,1708.500            ,4006.800            ,57.000              ,67.051              ,4008.002            ,48.400              ,23.354              
80, 17-02-2021 15:13:59, 81.000              ,99.000              ,1645.000            ,4006.800            ,56.000              ,73.633              ,4008.002            ,51.700              ,21.751              
80, 17-02-2021 15:14:00, 82.000              ,97.000              ,1708.500            ,4006.800            ,58.000              ,74.609              ,4008.002            ,56.400              ,20.900              
80, 17-02-2021 15:14:01, 81.000              ,97.000              ,1657.500            ,4006.800            ,56.000              ,73.242              ,4008.002            ,59.000              ,19.581              
80, 17-02-2021 15:14:02, 82.000              ,99.000              ,1708.500            ,4006.800            ,53.000              ,72.895              ,4008.000            ,60.300              ,21.125              
80, 17-02-2021 15:14:03, 81.000              ,99.000              ,1670.500            ,4006.800            ,57.000              ,75.781              ,4008.000            ,59.700              ,24.316              
80, 17-02-2021 15:14:04, 82.000              ,97.000              ,1708.500            ,4006.800            ,62.000              ,78.711              ,4008.002            ,60.400              ,21.051              
80, 17-02-2021 15:14:05, 82.000              ,99.000              ,1670.500            ,4006.800            ,57.000              ,78.711              ,4008.002            ,60.100              ,19.263              
80, 17-02-2021 15:14:06, 82.000              ,99.000              ,1670.500            ,4006.800            ,57.000              ,76.953              ,4008.002            ,60.500              ,19.156              
80, 17-02-2021 15:14:07, 82.000              ,98.000              ,1746.500            ,4006.800            ,55.000              ,75.391              ,4007.995            ,59.600              ,33.380                           
